                               Overall Accuracy:                                

                      Grouping  Overall    Average    F1 Score     MCC    
                     0-1-23456   59.34%     47.90%     42.55%     19.46%  
                     0-1356-24   50.00%     43.80%     37.83%     8.74%   
                     0-124-356   48.99%     47.37%     41.77%     15.83%  
                     01-24-356   46.62%     44.99%     44.86%     17.90%  
                     0356-1-24   45.33%     40.35%     40.33%     11.59%  
                     024-1-356   42.96%     41.42%     41.28%     13.37%  


                               Average Accuracy:                                

                      Grouping  Overall    Average    F1 Score     MCC    
                     0-1-23456   59.34%     47.90%     42.55%     19.46%  
                     0-124-356   48.99%     47.37%     41.77%     15.83%  
                     01-24-356   46.62%     44.99%     44.86%     17.90%  
                     0-1356-24   50.00%     43.80%     37.83%     8.74%   
                     024-1-356   42.96%     41.42%     41.28%     13.37%  
                     0356-1-24   45.33%     40.35%     40.33%     11.59%  


                               Average F1 Score:                                

                      Grouping  Overall    Average    F1 Score     MCC    
                     01-24-356   46.62%     44.99%     44.86%     17.90%  
                     0-1-23456   59.34%     47.90%     42.55%     19.46%  
                     0-124-356   48.99%     47.37%     41.77%     15.83%  
                     024-1-356   42.96%     41.42%     41.28%     13.37%  
                     0356-1-24   45.33%     40.35%     40.33%     11.59%  
                     0-1356-24   50.00%     43.80%     37.83%     8.74%   


                   Average Matthews Correlation Coefficient:                    

                      Grouping  Overall    Average    F1 Score     MCC    
                     0-1-23456   59.34%     47.90%     42.55%     19.46%  
                     01-24-356   46.62%     44.99%     44.86%     17.90%  
                     0-124-356   48.99%     47.37%     41.77%     15.83%  
                     024-1-356   42.96%     41.42%     41.28%     13.37%  
                     0356-1-24   45.33%     40.35%     40.33%     11.59%  
                     0-1356-24   50.00%     43.80%     37.83%     8.74%   
