                               Overall Accuracy:                                

                      Grouping  Overall    Average    F1 Score     MCC    
                     0123-4-56   53.88%     41.82%     40.26%     13.26%  
                     01-23-456   45.55%     44.27%     44.09%     16.60%  
                     01-234-56   45.11%     45.31%     45.08%     18.11%  


                               Average Accuracy:                                

                      Grouping  Overall    Average    F1 Score     MCC    
                     01-234-56   45.11%     45.31%     45.08%     18.11%  
                     01-23-456   45.55%     44.27%     44.09%     16.60%  
                     0123-4-56   53.88%     41.82%     40.26%     13.26%  


                               Average F1 Score:                                

                      Grouping  Overall    Average    F1 Score     MCC    
                     01-234-56   45.11%     45.31%     45.08%     18.11%  
                     01-23-456   45.55%     44.27%     44.09%     16.60%  
                     0123-4-56   53.88%     41.82%     40.26%     13.26%  


                   Average Matthews Correlation Coefficient:                    

                      Grouping  Overall    Average    F1 Score     MCC    
                     01-234-56   45.11%     45.31%     45.08%     18.11%  
                     01-23-456   45.55%     44.27%     44.09%     16.60%  
                     0123-4-56   53.88%     41.82%     40.26%     13.26%  
