character,AA,AE,AH,AO,AW,AY,EH,ER,EY,IH,IY,OW,OY,UH,UW
1H4_Falstaff,0.05305867665418227,0.09534956304619226,0.21223470661672908,0.04884519350811486,0.033551810237203494,0.08614232209737828,0.0686641697877653,0.04962546816479401,0.04088639200998752,0.1229712858926342,0.08380149812734082,0.0366729088639201,0.0024968789013732834,0.016697877652933832,0.04900124843945069
1H4_HenryV,0.05,0.08110687022900763,0.22557251908396947,0.052099236641221375,0.03816793893129771,0.07614503816793892,0.08091603053435115,0.05133587786259542,0.038740458015267175,0.1297709923664122,0.08301526717557252,0.03645038167938931,0.002480916030534351,0.012404580152671756,0.04179389312977099
1H4_Hotspur,0.051041865800038236,0.06346778818581533,0.22748996367807303,0.049703689543108394,0.02561651691837125,0.06977633339705601,0.07895239915886064,0.06442362836933664,0.0439686484419805,0.14222901930797172,0.0822022557828331,0.037086599120627034,0.0017205123303383673,0.01510227489963678,0.04721850506595297
1H6_Charles,0.0444624090541633,0.0719482619240097,0.2158447857720291,0.054163298302344384,0.04688763136620857,0.07033144704931285,0.08003233629749394,0.06790622473726758,0.04284559417946645,0.13419563459983833,0.09377526273241714,0.03233629749393695,0.004042037186742118,0.010509296685529508,0.030719482619240096
1H6_HenryVI,0.03394706559263521,0.05983889528193326,0.25028768699654774,0.07249712313003452,0.020138089758342925,0.059263521288837745,0.09378596087456847,0.06846950517836593,0.035097813578826235,0.12600690448791715,0.07652474108170311,0.02991944764096663,0.005178365937859608,0.012082853855005753,0.056962025316455694
2H4_ChiefJustice,0.0572655690765927,0.06728704366499642,0.2290622763063708,0.07086614173228346,0.018611309949892626,0.052254831782390834,0.07587687902648532,0.05941302791696493,0.03435934144595562,0.12884753042233357,0.08303507516105942,0.030780243378668574,0.004294917680744453,0.014316392269148175,0.0737294201861131
2H4_Falstaff,0.04478518293608623,0.08501594048884166,0.22271140124487626,0.04736602398664035,0.020039471686655534,0.06801275239107332,0.07393350538940337,0.058296644906634276,0.03856080157886747,0.14376802793380902,0.08228328525884318,0.040838014270532866,0.0027326552299984817,0.01730681645665705,0.05434947624108092
2H4_HenryV,0.05142857142857143,0.06789915966386555,0.21411764705882352,0.052100840336134456,0.027563025210084035,0.07630252100840336,0.07428571428571429,0.052100840336134456,0.03563025210084034,0.1408403361344538,0.09109243697478991,0.04,0.004705882352941176,0.012773109243697478,0.05915966386554622
AWW_Bertram,0.048256285482562854,0.06934306569343066,0.1978913219789132,0.060421735604217354,0.013787510137875101,0.09570154095701541,0.064882400648824,0.07015409570154096,0.03933495539334955,0.14314679643146797,0.0827250608272506,0.0413625304136253,0.0024330900243309003,0.008921330089213302,0.06163828061638281
AWW_Fool,0.04004160166406656,0.0873634945397816,0.22256890275611024,0.05720228809152366,0.008320332813312533,0.0686427457098284,0.08008320332813312,0.06188247529901196,0.04160166406656266,0.13468538741549663,0.0842433697347894,0.03848153926157046,0.0010400416016640667,0.0249609984399376,0.048881955278211126
AWW_Helen,0.039889958734525444,0.07038055937643282,0.2088491517652453,0.049747822099954146,0.018569463548830812,0.08711600183402109,0.07932141219624025,0.062356717102246675,0.038743695552498854,0.15382851902796882,0.08023842274186153,0.04103622191655204,0.0016047684548372307,0.01192113709307657,0.05639614855570839
AYL_DukeFrederick,0.058544303797468354,0.056962025316455694,0.20253164556962025,0.04430379746835443,0.04588607594936709,0.06487341772151899,0.06329113924050633,0.0759493670886076,0.04113924050632911,0.16930379746835442,0.09018987341772151,0.01740506329113924,0.0,0.00949367088607595,0.060126582278481014
AYL_Rosalind,0.04935747663551402,0.078125,0.20487733644859812,0.04950350467289719,0.021466121495327103,0.07476635514018691,0.07257593457943926,0.05972546728971963,0.038697429906542055,0.13332359813084113,0.08688668224299065,0.036799065420560745,0.0010221962616822429,0.021904205607476634,0.0709696261682243
Ado_Beatrice,0.044310528181495924,0.08188585607940446,0.2087912087912088,0.05069124423963134,0.015951790145338533,0.07373271889400922,0.07869549805033677,0.04643743353420773,0.03970223325062035,0.1588089330024814,0.08543069833392414,0.03686635944700461,0.0010634526763559022,0.021269053527118043,0.05636299184686282
Ado_Dogberry,0.059358288770053474,0.0839572192513369,0.19411764705882353,0.05614973262032086,0.019786096256684493,0.051871657754010696,0.08074866310160428,0.06470588235294118,0.052941176470588235,0.13796791443850268,0.07647058823529412,0.039037433155080216,0.0016042780748663102,0.016577540106951873,0.06470588235294118
Ado_DonJohn,0.04308797127468582,0.07091561938958707,0.18312387791741472,0.04039497307001795,0.01615798922800718,0.07809694793536805,0.08168761220825853,0.07001795332136446,0.03680430879712747,0.16337522441651706,0.08527827648114901,0.04488330341113106,0.0008976660682226212,0.012567324955116697,0.07271095152603231
Ant_Antony,0.052624173350218094,0.07260447446179823,0.19445616997326579,0.04995075277895033,0.030814689742507388,0.08512733924299985,0.07809202195018995,0.06303644294357676,0.04108625299000985,0.13057548895455184,0.09568031518221472,0.04024201491487266,0.002532714225411566,0.013648515548051217,0.049528633741381736
Ant_Octavius,0.047206703910614524,0.07709497206703911,0.2259776536312849,0.044972067039106146,0.022067039106145252,0.05810055865921788,0.07206703910614524,0.05921787709497207,0.037430167597765365,0.13910614525139664,0.10167597765363129,0.03994413407821229,0.003072625698324022,0.012569832402234637,0.059497206703910614
Cor_Coriolanus,0.04792542016806723,0.07510504201680672,0.20969012605042017,0.04582457983193277,0.023240546218487396,0.08009453781512606,0.08258928571428571,0.06039915966386555,0.05028886554621849,0.11896008403361344,0.07917542016806722,0.04214810924369748,0.005120798319327731,0.01365546218487395,0.06578256302521009
Cor_TRIBUNES.Brutus,0.05065274151436031,0.07154046997389034,0.20522193211488252,0.05430809399477807,0.019321148825065273,0.028720626631853787,0.09242819843342037,0.06788511749347259,0.038642297650130546,0.14412532637075717,0.09817232375979112,0.04386422976501306,0.004177545691906005,0.013577023498694517,0.06736292428198433
Cym_Cloten,0.052478134110787174,0.0728862973760933,0.20366513952519782,0.043731778425655975,0.019575177009579343,0.0770512286547272,0.07455226988754686,0.07246980424822991,0.036651395251978344,0.15660141607663475,0.08038317367763433,0.03956684714702208,0.0024989587671803417,0.013744273219491879,0.054144106622240736
Cym_Iachimo,0.046134347275031684,0.07325728770595691,0.22839036755386566,0.051964512040557666,0.018250950570342206,0.07579214195183777,0.06869455006337136,0.06818757921419519,0.04106463878326996,0.1429657794676806,0.08491761723700887,0.034220532319391636,0.002788339670468948,0.014955640050697085,0.04841571609632446
Cym_Imogen,0.04692367601246106,0.08099688473520249,0.18672118380062305,0.0514018691588785,0.02336448598130841,0.08917445482866043,0.07165109034267912,0.061526479750778816,0.041082554517133954,0.1351246105919003,0.09423676012461059,0.040498442367601244,0.0019470404984423676,0.01849688473520249,0.05685358255451713
Err_AntipholusOfEphesus,0.04119106699751861,0.062034739454094295,0.1880893300248139,0.05459057071960298,0.03325062034739454,0.09429280397022333,0.06997518610421836,0.05756823821339951,0.05161290322580645,0.14937965260545905,0.09379652605459057,0.03870967741935484,0.0,0.01141439205955335,0.054094292803970226
Err_AntipholusOfSyracuse,0.04683648315529992,0.0599835661462613,0.1799506984387839,0.05628594905505341,0.03533278553820871,0.09531635168447,0.08175842235004109,0.06162695152013147,0.0390304026294166,0.1351684470008217,0.1047658175842235,0.037387017255546426,0.0012325390304026294,0.010682004930156122,0.05464256368118324
Err_DromioOfEphesus,0.04302477183833116,0.0880052151238592,0.1694915254237288,0.04889178617992177,0.022816166883963495,0.0984354628422425,0.058018252933507174,0.07431551499348109,0.0469361147327249,0.13689700130378096,0.07692307692307693,0.05997392438070404,0.0,0.01303780964797914,0.06323337679269883
Err_DromioOfSyracuse,0.04025695931477516,0.09507494646680942,0.19400428265524625,0.052676659528907925,0.014132762312633832,0.07537473233404711,0.08265524625267666,0.07751605995717345,0.05353319057815846,0.12248394004282655,0.08565310492505353,0.03640256959314775,0.0021413276231263384,0.014132762312633832,0.053961456102783724
H5_Dauphin,0.05489478499542543,0.05215004574565416,0.23970722781335774,0.06404391582799634,0.01738334858188472,0.06495882891125343,0.08600182982616651,0.06678865507776761,0.04025617566331199,0.1537053979871912,0.06678865507776761,0.04483074107959744,0.0009149130832570906,0.009149130832570906,0.0384263494967978
H5_HenryV,0.048521756212552794,0.06816619192613692,0.22296434534917983,0.051959532462430014,0.03300265199882133,0.05814752971220902,0.08447107356841174,0.06276397210490128,0.04478931342697181,0.14635104606620175,0.0794617424614478,0.03830664964148905,0.002750220999901778,0.012670661035261762,0.0456733130340831
H8_HenryVIII,0.04896783485357657,0.06649063850216035,0.22083533365338454,0.04728756601056169,0.022803648583773404,0.0729716754680749,0.08305328852616418,0.06385021603456553,0.04224675948151704,0.13274123859817571,0.08161305808929428,0.02928468554968795,0.0028804608737397984,0.015122419587133942,0.06985117618819012
H8_Wolsey,0.038866599799398195,0.07021063189568706,0.23294884653961886,0.05541624874623872,0.020310932798395187,0.07196589769307923,0.0779839518555667,0.060431293881644935,0.04388164493480441,0.12487462387161484,0.08324974924774323,0.038365095285857576,0.0050150451354062184,0.020561685055165497,0.05591775325977934
Ham_Claudius,0.043591803937324224,0.07292085174768984,0.2247890719164323,0.051024507834471676,0.028525512253917237,0.04921655283246284,0.07452792286058658,0.0652872639614303,0.037967055042185616,0.15849738850944153,0.07934913619927682,0.03816793893129771,0.0032141422257934912,0.01245480112494978,0.060466050622740054
Ham_Gravedigger,0.048721071863580996,0.0925700365408039,0.1753958587088916,0.049939098660170524,0.030450669914738125,0.04263093788063337,0.08526187576126674,0.05602923264311815,0.05481120584652863,0.16443361753958588,0.1023142509135201,0.03288672350791717,0.00243605359317905,0.0097442143727162,0.05237515225334957
Ham_Hamlet,0.048074159241161256,0.07300948548433459,0.22916067835584938,0.04548720896809428,0.02170163840183961,0.06503305547571141,0.07653061224489796,0.05870939925265881,0.044696751940212706,0.14271342339752802,0.07825524576027594,0.04275653923541248,0.0027306697326818052,0.014515665421098016,0.05662546708824375
JC_Antony,0.05230868582499193,0.06683887633193412,0.2108492089118502,0.04294478527607362,0.022602518566354538,0.05812076202776881,0.07910881498224087,0.06425573135292219,0.03584113658379077,0.13303196641911527,0.10041976105908944,0.045527930255085565,0.002583144979011947,0.01517597675169519,0.07039070067807555
JC_Brutus,0.05462705044877747,0.07273290003095018,0.20721138966264316,0.0436397400185701,0.026152893840916125,0.07226864747756112,0.08696997833488085,0.06128133704735376,0.03265242958836274,0.1259671928195605,0.09764778706282884,0.04271123491179202,0.002785515320334262,0.015784586815227482,0.057567316620241414
Jn_KingJohn,0.041440552540700545,0.06586087814504193,0.23162308830784412,0.05180069067587568,0.038727183029107055,0.06980759743463247,0.07745436605821411,0.05796743956586088,0.04070054267390232,0.13961519486926494,0.0863344844597928,0.03330044400592008,0.003206709422792304,0.010360138135175136,0.05180069067587568
Jn_KingPhilip,0.04084967320261438,0.06699346405228758,0.23583877995642702,0.04793028322440087,0.03594771241830065,0.039760348583877995,0.0789760348583878,0.0659041394335512,0.049564270152505446,0.14760348583877997,0.0855119825708061,0.03649237472766884,0.005991285403050109,0.010348583877995643,0.05228758169934641
LLL_Costard,0.04788732394366197,0.08112676056338028,0.19887323943661972,0.04507042253521127,0.017464788732394366,0.07042253521126761,0.05971830985915493,0.0856338028169014,0.04788732394366197,0.14028169014084507,0.08112676056338028,0.05464788732394366,0.0022535211267605635,0.012394366197183098,0.0552112676056338
LLL_King,0.04828551434569629,0.072778166550035,0.21308607417774666,0.05038488453463961,0.027641707487753672,0.07032890132960112,0.0801259622113366,0.05703289013296011,0.04688593421973408,0.13820853743876838,0.08642407277816655,0.041287613715885234,0.0010496850944716584,0.010496850944716585,0.05598320503848846
LLL_Princess,0.04702681694520015,0.05985231247570929,0.19704624951418578,0.060629615235134084,0.028371550719005052,0.056743101438010105,0.08666925767586475,0.060629615235134084,0.05985231247570929,0.14496696463272446,0.08394869801787797,0.039253789350952195,0.000777302759424796,0.013602798289933929,0.060629615235134084
Lr_Fool,0.043548387096774194,0.08924731182795699,0.1870967741935484,0.056451612903225805,0.03924731182795699,0.08172043010752689,0.09408602150537634,0.05161290322580645,0.041935483870967745,0.12096774193548387,0.08387096774193549,0.04408602150537634,0.002688172043010753,0.013440860215053764,0.05
Lr_Goneril,0.04648588821250692,0.08190370780298838,0.20863309352517986,0.05755395683453238,0.01770890979524073,0.07636967349197565,0.07470946319867183,0.07194244604316546,0.04261206419479801,0.13392363032650803,0.0653016048699502,0.04150525733259546,0.0016602102933038186,0.014941892639734366,0.06474820143884892
Lr_Lear,0.054242424242424245,0.06424242424242424,0.19166666666666668,0.052121212121212124,0.03681818181818182,0.08045454545454546,0.07515151515151515,0.07696969696969697,0.047424242424242424,0.11848484848484848,0.08636363636363636,0.04242424242424243,0.0036363636363636364,0.013030303030303031,0.05696969696969697
MM_Angelo,0.045548654244306416,0.06832298136645963,0.20876466528640442,0.060041407867494824,0.02035886818495514,0.07971014492753623,0.08143547273982056,0.05969634230503796,0.049689440993788817,0.12353347135955832,0.0883367839889579,0.040372670807453416,0.001725327812284334,0.014837819185645272,0.05762594893029676
MM_Duke,0.038503716339710004,0.07079322529547948,0.2139636895333252,0.05690264408431826,0.019861094187888388,0.05860850493481175,0.07737297429024004,0.06445717070793225,0.03728524430364323,0.14694772754965274,0.08163762641647374,0.04508346533447057,0.0012184720360667724,0.013525039600341172,0.0738394053856464
MM_Pompey,0.040686586141131596,0.080737444373808,0.1958041958041958,0.06420851875397329,0.019707565162110616,0.06039415130324221,0.06865861411315957,0.09663064208518754,0.04132231404958678,0.12968849332485696,0.08900190718372536,0.02670057215511761,0.0006357279084551812,0.02542911633820725,0.06039415130324221
MND_Bottom,0.044054747647562016,0.07570573139435414,0.20316509837467922,0.05431993156544055,0.01924721984602224,0.08768177929854576,0.06843455945252352,0.05645851154833191,0.05431993156544055,0.12275449101796407,0.08511548331907613,0.03721129170230967,0.0025662959794696323,0.020530367835757058,0.06843455945252352
MV_LanceletGobbo,0.05868945868945869,0.0905982905982906,0.2091168091168091,0.05527065527065527,0.011396011396011397,0.07863247863247863,0.06723646723646724,0.06837606837606838,0.0301994301994302,0.12307692307692308,0.07977207977207977,0.039886039886039885,0.0011396011396011395,0.017094017094017096,0.06951566951566951
MV_Portia,0.04031232976212094,0.069003086980207,0.21645178863264936,0.054839295442164517,0.020882513165062646,0.07227165425821681,0.08825131650626475,0.05102596695115308,0.03831487198111495,0.14454330851643363,0.08988560014526965,0.032867259851098604,0.0019974577810059923,0.014526965680043582,0.06482658434719447
MV_Shylock,0.05627198124267292,0.07297772567409144,0.2198124267291911,0.04835873388042204,0.022274325908558032,0.08704572098475967,0.07502930832356389,0.04835873388042204,0.03927315357561548,0.12866354044548653,0.08675263774912075,0.03839390386869871,0.0008792497069167644,0.013774912075029308,0.06213364595545135
Mac_Macbeth,0.04121231558691469,0.06847338037203335,0.2304361770365619,0.04393842206542656,0.030949326491340603,0.07841565105837076,0.07793457344451571,0.056125721616420786,0.046023091725465044,0.1375881975625401,0.08242463117382938,0.03704297626683772,0.0036882617062219372,0.016196279666452856,0.049550994227068636
Mac_Porter,0.061971830985915494,0.05352112676056338,0.18591549295774648,0.04507042253521127,0.008450704225352112,0.03943661971830986,0.08450704225352113,0.07887323943661972,0.07605633802816901,0.2,0.059154929577464786,0.03943661971830986,0.0,0.011267605633802818,0.056338028169014086
Oth_Clown,0.0364963503649635,0.06204379562043796,0.16423357664233576,0.051094890510948905,0.0,0.10583941605839416,0.08759124087591241,0.06204379562043796,0.058394160583941604,0.1386861313868613,0.09124087591240876,0.04744525547445255,0.0036496350364963502,0.0036496350364963502,0.08759124087591241
Oth_Iago,0.04522362785137962,0.0702261181392569,0.2104791313875884,0.04721585815320251,0.02171531028986951,0.07391174419762925,0.08078493873891822,0.05628050602649666,0.03884849088554637,0.14453630839725073,0.08646279509911346,0.03924693694591095,0.0018926187867317461,0.01822890726167945,0.06494670783942624
Oth_Othello,0.05388017691998392,0.06808738774963141,0.21900549524192467,0.042889693070633964,0.025063664388151722,0.08577938614126793,0.07840772014475271,0.05803511593620158,0.03927087521779922,0.12639056426752446,0.09167671893848009,0.04342581423401689,0.0024125452352231603,0.014609301702184694,0.051065540812223566
Per_Antiochus,0.0338409475465313,0.06429780033840947,0.20473773265651438,0.06937394247038917,0.03722504230118443,0.07445008460236886,0.08121827411167512,0.07106598984771574,0.03722504230118443,0.16412859560067683,0.09137055837563451,0.018612521150592216,0.00338409475465313,0.0,0.049069373942470386
Per_Pericles,0.04478993151952619,0.06607440310938367,0.20414584490098095,0.05441421432537479,0.02609661299278179,0.09143068665556173,0.08772903942254304,0.06422357949287433,0.04053303720155469,0.12937257079400333,0.08717379233759023,0.03053858967240422,0.0024060707014621507,0.01110494169905608,0.059966685174902834
R2_HenryIV,0.04040404040404041,0.06967106967106967,0.2318052318052318,0.05672105672105672,0.021756021756021756,0.08521108521108521,0.072002072002072,0.0619010619010619,0.04144004144004144,0.13416213416213416,0.0821030821030821,0.034447034447034446,0.006475006475006475,0.011914011914011913,0.04998704998704999
R2_RichardII,0.04546714721375104,0.06653728860548933,0.2181868588855004,0.04782367618519545,0.03770446354311062,0.07554754643748267,0.08400332686443028,0.05863598558358747,0.05101192126420848,0.13931244801774328,0.08150817854172443,0.037843082894372056,0.0027723870252287217,0.009148877183254783,0.044496811754920984
R3_RichardIII,0.04736255572065379,0.06807206537890044,0.21331723625557206,0.054420505200594355,0.023402674591381872,0.08320950965824665,0.08478826151560179,0.06407875185735512,0.042533432392273404,0.13400817236255572,0.08534546805349183,0.03064635958395245,0.0033432392273402673,0.012537147102526004,0.052934621099554234
Rom_Romeo,0.04206363472946252,0.06938702139133561,0.19000539277368325,0.0413445982383606,0.030738809994607225,0.09131763436994428,0.09077835700161783,0.05860147402480676,0.03954700701060579,0.145425130325364,0.09617113068488226,0.04278267122056444,0.003954700701060579,0.010965306489304332,0.046917131044400505
Rom_Tybalt,0.040880503144654086,0.07547169811320754,0.20125786163522014,0.04716981132075472,0.03773584905660377,0.0660377358490566,0.0660377358490566,0.0660377358490566,0.02830188679245283,0.16981132075471697,0.09433962264150944,0.03459119496855346,0.012578616352201259,0.012578616352201259,0.04716981132075472
Shr_Grumio,0.04863582443653618,0.0753262158956109,0.18564650059311982,0.05219454329774614,0.03795966785290629,0.0830367734282325,0.07058125741399762,0.08659549228944247,0.04151838671411625,0.1162514827995255,0.08896797153024912,0.042704626334519574,0.0017793594306049821,0.013641755634638196,0.05516014234875445
Shr_Petruchio,0.04788627010849233,0.06659184436962215,0.20650953984287318,0.04826038159371493,0.026000748222970445,0.0817433595211373,0.07388701833146277,0.06378600823045268,0.05574261129816686,0.1219603441825664,0.09670781893004116,0.035166479610924055,0.0009352787130564908,0.01328095772540217,0.061541339319117094
TGV_Lance,0.04368248003757633,0.09394081728511038,0.19116956317519962,0.054015969938938466,0.026303428839830906,0.07891028651949272,0.07374354156881165,0.07280413339596055,0.040394551432597466,0.14138093001409113,0.08971348050728041,0.033818694222639736,0.0018788163457022077,0.01456082667919211,0.04368248003757633
TGV_Proteus,0.03571428571428571,0.07118226600985221,0.19950738916256158,0.054187192118226604,0.02142857142857143,0.0960591133004926,0.08078817733990148,0.06748768472906404,0.038669950738916256,0.13866995073891625,0.08596059113300493,0.032758620689655175,0.0024630541871921183,0.011083743842364532,0.06403940886699508
TGV_Speed,0.04589787722317843,0.09064830751577739,0.17842799770510614,0.05450372920252438,0.020654044750430294,0.08089500860585198,0.07056798623063683,0.09409064830751578,0.030407343660355707,0.11474469305794607,0.09581181870338497,0.03499713138267355,0.0005737234652897303,0.011474469305794608,0.07630522088353414
TGV_Valentine,0.03664921465968586,0.07242582897033159,0.2024432809773124,0.052065154159395,0.02385107620709715,0.0866783013379872,0.08027923211169284,0.0651541593949971,0.04275741710296684,0.13176265270506107,0.09453170447934846,0.034904013961605584,0.004072134962187318,0.015125072716695753,0.057300756253635836
TNK_Theseus,0.045154567558179926,0.07224730809308788,0.2160472386245224,0.060437651962486974,0.025008683570684264,0.05939562348037513,0.08857242097950677,0.06738450850989927,0.04168113928447378,0.1264327891629038,0.08405696422368879,0.03195554011809656,0.0027787426189649182,0.012504341785342132,0.06634248002778742
TN_Feste,0.04370814240394783,0.07966161438138879,0.19950652097285865,0.03947832217130772,0.021854071201973916,0.07930912936200211,0.08177652449770885,0.0676771237222418,0.053930207966161436,0.12900951709552344,0.07860415932322876,0.04018329221008107,0.0014099400775467042,0.019386676066267185,0.06450475854776172
TN_Malvolio,0.0379041248606466,0.0802675585284281,0.2032701597918989,0.043849869936826456,0.016722408026755852,0.0758082497212932,0.07729468599033816,0.05202526941657377,0.043849869936826456,0.14232627276105536,0.09959123002601264,0.042735042735042736,0.002229654403567447,0.014492753623188406,0.06763285024154589
TN_Viola,0.040776699029126215,0.07799352750809062,0.21326860841423947,0.045954692556634306,0.01779935275080906,0.09967637540453074,0.06181229773462783,0.06601941747572816,0.04563106796116505,0.12135922330097088,0.08867313915857605,0.039158576051779935,0.0012944983818770227,0.015533980582524271,0.06504854368932039
Tim_Fool,0.03879310344827586,0.06896551724137931,0.25862068965517243,0.05603448275862069,0.021551724137931036,0.07758620689655173,0.0603448275862069,0.07327586206896551,0.03017241379310345,0.09913793103448276,0.07758620689655173,0.04310344827586207,0.0,0.021551724137931036,0.07327586206896551
Tim_Timon,0.047625400213447175,0.06870330843116329,0.2147812166488794,0.04909284951974386,0.03215048025613661,0.07550693703308431,0.09191568836712914,0.056963713980789754,0.04442369263607257,0.1217982924226254,0.08431163287086446,0.03735325506937033,0.0013340448239060833,0.01507470651013874,0.05896478121664888
Tit_Aaron,0.04516325907842539,0.0732377174244736,0.22459566676838572,0.056454073848031736,0.024412572474824534,0.07720476045163259,0.09093683246872139,0.055538602380225816,0.03844980164784864,0.1281660054928288,0.07110161733292646,0.039060115959719255,0.0033567287152883735,0.014037229173024107,0.058285016783643576
Tit_CountryFellow,0.02577319587628866,0.07216494845360824,0.23195876288659795,0.041237113402061855,0.010309278350515464,0.10824742268041238,0.0979381443298969,0.07216494845360824,0.06701030927835051,0.09278350515463918,0.07731958762886598,0.030927835051546393,0.0,0.015463917525773196,0.05670103092783505
Tit_Titus,0.048102778607708396,0.06812070510905288,0.2106363907977293,0.049297878697340904,0.02718852703913953,0.07947415596056169,0.08485210636390798,0.06319091723931879,0.03899014042426053,0.12832387212429042,0.09262025694651928,0.03899014042426053,0.004631012847325963,0.011353450851508814,0.05422766656707499
Tmp_Antonio,0.056255247691015954,0.08648194794290512,0.20822837951301426,0.04617968094038623,0.02686817800167926,0.06465155331654072,0.07556675062972293,0.04953820319059614,0.04450041981528128,0.12174643157010916,0.09571788413098237,0.054575986565911,0.0,0.01343408900083963,0.056255247691015954
Tmp_Prospero,0.05283347863993025,0.06817785527462947,0.21743679163034002,0.04777680906713165,0.035047951176983436,0.08456843940714909,0.07637314734088928,0.05614646904969486,0.042720139494333044,0.13583260680034873,0.08160418482999128,0.03679163034001744,0.0026155187445510027,0.00993897122929381,0.05213600697471665
Tro_Thersites,0.05404425099746101,0.083424011606819,0.23177366702937977,0.03808487486398259,0.034095030830612987,0.058759521218716,0.07399347116430903,0.05803409503083061,0.043162858179180266,0.13746826260428002,0.08378672470076169,0.03917301414581066,0.002176278563656148,0.017047515415306493,0.044976423648893725
Tro_Troilus,0.04540609678107013,0.07013429972287359,0.21509273076103178,0.04881688339373268,0.026220422084843317,0.07610317629503305,0.075037305478576,0.06246002984438286,0.04391387763803027,0.1342997228735877,0.09486250266467704,0.0351737369430825,0.0038371349392453636,0.00916648902153059,0.059475591558303134
WT_Autolycus,0.047021943573667714,0.07662835249042145,0.23058167885754094,0.051898293277603626,0.013932427725531174,0.08150470219435736,0.0724486241727621,0.06025774991292233,0.033786137234413094,0.1365377917102055,0.086032741205155,0.03970741901776385,0.0006966213862765587,0.014629049111807733,0.054336468129571575
WT_Leontes,0.0472307169554876,0.07492354740061162,0.19758749575263337,0.047910295616717634,0.029561671763506627,0.07832144070676181,0.07101597009853891,0.06201155283724091,0.03907577302072715,0.1455997281685355,0.09276248725790011,0.04094461433910975,0.0045871559633027525,0.01580020387359837,0.052667346245327894
WT_Polixenes,0.050778050778050775,0.06961506961506962,0.21334971334971334,0.04176904176904177,0.02702702702702703,0.06306306306306306,0.08435708435708436,0.05692055692055692,0.04668304668304668,0.14619164619164618,0.09254709254709255,0.03931203931203931,0.002457002457002457,0.012285012285012284,0.053644553644553644
Wiv_Falstaff,0.03827641531056612,0.08457483382993353,0.21796928718771488,0.04767361906944763,0.02269080907632363,0.09053403621361449,0.06921842768737108,0.061425624570249825,0.03758881503552602,0.12445564978225991,0.08319963327985332,0.042172816869126745,0.0025212010084804033,0.02475360990144396,0.05294522117808847
Wiv_MistressPage,0.04205758654157231,0.07570365577483015,0.21837593011970236,0.04723390488515044,0.021028793270786154,0.07052733743125202,0.07570365577483015,0.06923325784535748,0.03817534778388871,0.13781947589776772,0.09349725008087997,0.033646069233257844,0.002264639275315432,0.01649951472015529,0.058233581365253966
