                               Overall Accuracy:                                

                      Grouping  Overall    Average    F1 Score     MCC    
                     0123-4-56   65.99%     43.34%     36.76%     7.08%   
                     0-1234-56   54.66%     40.97%     38.08%     10.79%  
                     0-123-456   45.34%     42.70%     37.68%     11.24%  


                               Average Accuracy:                                

                      Grouping  Overall    Average    F1 Score     MCC    
                     0123-4-56   65.99%     43.34%     36.76%     7.08%   
                     0-123-456   45.34%     42.70%     37.68%     11.24%  
                     0-1234-56   54.66%     40.97%     38.08%     10.79%  


                               Average F1 Score:                                

                      Grouping  Overall    Average    F1 Score     MCC    
                     0-1234-56   54.66%     40.97%     38.08%     10.79%  
                     0-123-456   45.34%     42.70%     37.68%     11.24%  
                     0123-4-56   65.99%     43.34%     36.76%     7.08%   


                   Average Matthews Correlation Coefficient:                    

                      Grouping  Overall    Average    F1 Score     MCC    
                     0-123-456   45.34%     42.70%     37.68%     11.24%  
                     0-1234-56   54.66%     40.97%     38.08%     10.79%  
                     0123-4-56   65.99%     43.34%     36.76%     7.08%   
