                               Overall Accuracy:                                

                      Grouping  Overall    Average    F1 Score     MCC    
                      012356-4   83.41%     54.36%     51.50%     5.67%   
                      012346-5   82.76%     50.71%     50.12%     1.10%   
                      01236-45   69.47%     52.79%     50.41%     4.17%   


                               Average Accuracy:                                

                      Grouping  Overall    Average    F1 Score     MCC    
                      012356-4   83.41%     54.36%     51.50%     5.67%   
                      01236-45   69.47%     52.79%     50.41%     4.17%   
                      012346-5   82.76%     50.71%     50.12%     1.10%   


                               Average F1 Score:                                

                      Grouping  Overall    Average    F1 Score     MCC    
                      012356-4   83.41%     54.36%     51.50%     5.67%   
                      01236-45   69.47%     52.79%     50.41%     4.17%   
                      012346-5   82.76%     50.71%     50.12%     1.10%   


                   Average Matthews Correlation Coefficient:                    

                      Grouping  Overall    Average    F1 Score     MCC    
                      012356-4   83.41%     54.36%     51.50%     5.67%   
                      01236-45   69.47%     52.79%     50.41%     4.17%   
                      012346-5   82.76%     50.71%     50.12%     1.10%   
