                               Overall Accuracy:                                

                      Grouping  Overall    Average    F1 Score     MCC    
                     01246-3-5   68.37%     38.39%     36.36%     6.35%   
                     01256-3-4   68.25%     36.89%     34.45%     3.48%   
                     01236-4-5   68.12%     37.96%     35.44%     6.26%   
                     0126-3-45   57.23%     39.60%     36.11%     7.63%   
                     0126-35-4   56.98%     38.30%     35.19%     6.55%   
                     0126-34-5   56.34%     37.86%     35.09%     6.17%   


                               Average Accuracy:                                

                      Grouping  Overall    Average    F1 Score     MCC    
                     0126-3-45   57.23%     39.60%     36.11%     7.63%   
                     01246-3-5   68.37%     38.39%     36.36%     6.35%   
                     0126-35-4   56.98%     38.30%     35.19%     6.55%   
                     01236-4-5   68.12%     37.96%     35.44%     6.26%   
                     0126-34-5   56.34%     37.86%     35.09%     6.17%   
                     01256-3-4   68.25%     36.89%     34.45%     3.48%   


                               Average F1 Score:                                

                      Grouping  Overall    Average    F1 Score     MCC    
                     01246-3-5   68.37%     38.39%     36.36%     6.35%   
                     0126-3-45   57.23%     39.60%     36.11%     7.63%   
                     01236-4-5   68.12%     37.96%     35.44%     6.26%   
                     0126-35-4   56.98%     38.30%     35.19%     6.55%   
                     0126-34-5   56.34%     37.86%     35.09%     6.17%   
                     01256-3-4   68.25%     36.89%     34.45%     3.48%   


                   Average Matthews Correlation Coefficient:                    

                      Grouping  Overall    Average    F1 Score     MCC    
                     0126-3-45   57.23%     39.60%     36.11%     7.63%   
                     0126-35-4   56.98%     38.30%     35.19%     6.55%   
                     01246-3-5   68.37%     38.39%     36.36%     6.35%   
                     01236-4-5   68.12%     37.96%     35.44%     6.26%   
                     0126-34-5   56.34%     37.86%     35.09%     6.17%   
                     01256-3-4   68.25%     36.89%     34.45%     3.48%   
