                               Overall Accuracy:                                

                      Grouping  Overall    Average    F1 Score     MCC    
                   01-2-3-4-56   45.28%     33.37%     27.40%     14.71%  
                   0-12-3-4-56   40.25%     35.22%     28.00%     15.06%  
                   0-1-23-4-56   38.99%     37.98%     32.28%     19.45%  
                   0-1-2-34-56   33.33%     35.75%     29.23%     16.84%  
                   0-1-2-3-456   30.82%     31.43%     27.19%     13.81%  


                               Average Accuracy:                                

                      Grouping  Overall    Average    F1 Score     MCC    
                   0-1-23-4-56   38.99%     37.98%     32.28%     19.45%  
                   0-1-2-34-56   33.33%     35.75%     29.23%     16.84%  
                   0-12-3-4-56   40.25%     35.22%     28.00%     15.06%  
                   01-2-3-4-56   45.28%     33.37%     27.40%     14.71%  
                   0-1-2-3-456   30.82%     31.43%     27.19%     13.81%  


                               Average F1 Score:                                

                      Grouping  Overall    Average    F1 Score     MCC    
                   0-1-23-4-56   38.99%     37.98%     32.28%     19.45%  
                   0-1-2-34-56   33.33%     35.75%     29.23%     16.84%  
                   0-12-3-4-56   40.25%     35.22%     28.00%     15.06%  
                   01-2-3-4-56   45.28%     33.37%     27.40%     14.71%  
                   0-1-2-3-456   30.82%     31.43%     27.19%     13.81%  


                   Average Matthews Correlation Coefficient:                    

                      Grouping  Overall    Average    F1 Score     MCC    
                   0-1-23-4-56   38.99%     37.98%     32.28%     19.45%  
                   0-1-2-34-56   33.33%     35.75%     29.23%     16.84%  
                   0-12-3-4-56   40.25%     35.22%     28.00%     15.06%  
                   01-2-3-4-56   45.28%     33.37%     27.40%     14.71%  
                   0-1-2-3-456   30.82%     31.43%     27.19%     13.81%  
