                               Overall Accuracy:                                

                      Grouping  Overall    Average    F1 Score     MCC    
                     0123-46-5   56.85%     40.51%     38.90%     10.60%  
                     0146-23-5   52.88%     39.67%     38.76%     9.41%   
                     01-2346-5   50.06%     41.83%     40.95%     13.27%  
                     015-23-46   44.81%     40.68%     40.27%     10.93%  
                     01-235-46   44.43%     42.62%     42.18%     14.24%  
                     01-23-456   43.66%     43.15%     42.40%     14.93%  


                               Average Accuracy:                                

                      Grouping  Overall    Average    F1 Score     MCC    
                     01-23-456   43.66%     43.15%     42.40%     14.93%  
                     01-235-46   44.43%     42.62%     42.18%     14.24%  
                     01-2346-5   50.06%     41.83%     40.95%     13.27%  
                     015-23-46   44.81%     40.68%     40.27%     10.93%  
                     0123-46-5   56.85%     40.51%     38.90%     10.60%  
                     0146-23-5   52.88%     39.67%     38.76%     9.41%   


                               Average F1 Score:                                

                      Grouping  Overall    Average    F1 Score     MCC    
                     01-23-456   43.66%     43.15%     42.40%     14.93%  
                     01-235-46   44.43%     42.62%     42.18%     14.24%  
                     01-2346-5   50.06%     41.83%     40.95%     13.27%  
                     015-23-46   44.81%     40.68%     40.27%     10.93%  
                     0123-46-5   56.85%     40.51%     38.90%     10.60%  
                     0146-23-5   52.88%     39.67%     38.76%     9.41%   


                   Average Matthews Correlation Coefficient:                    

                      Grouping  Overall    Average    F1 Score     MCC    
                     01-23-456   43.66%     43.15%     42.40%     14.93%  
                     01-235-46   44.43%     42.62%     42.18%     14.24%  
                     01-2346-5   50.06%     41.83%     40.95%     13.27%  
                     015-23-46   44.81%     40.68%     40.27%     10.93%  
                     0123-46-5   56.85%     40.51%     38.90%     10.60%  
                     0146-23-5   52.88%     39.67%     38.76%     9.41%   
