                               Overall Accuracy:                                

                      Grouping  Overall    Average    F1 Score     MCC    
                     01234-5-6   64.53%     37.96%     37.03%     6.64%   
                     01-2345-6   48.78%     41.58%     41.25%     13.99%  
                     01-234-56   43.66%     41.76%     41.52%     13.28%  


                               Average Accuracy:                                

                      Grouping  Overall    Average    F1 Score     MCC    
                     01-234-56   43.66%     41.76%     41.52%     13.28%  
                     01-2345-6   48.78%     41.58%     41.25%     13.99%  
                     01234-5-6   64.53%     37.96%     37.03%     6.64%   


                               Average F1 Score:                                

                      Grouping  Overall    Average    F1 Score     MCC    
                     01-234-56   43.66%     41.76%     41.52%     13.28%  
                     01-2345-6   48.78%     41.58%     41.25%     13.99%  
                     01234-5-6   64.53%     37.96%     37.03%     6.64%   


                   Average Matthews Correlation Coefficient:                    

                      Grouping  Overall    Average    F1 Score     MCC    
                     01-2345-6   48.78%     41.58%     41.25%     13.99%  
                     01-234-56   43.66%     41.76%     41.52%     13.28%  
                     01234-5-6   64.53%     37.96%     37.03%     6.64%   
