                               Overall Accuracy:                                

                      Grouping  Overall    Average    F1 Score     MCC    
                      012345-6   97.62%     49.20%     49.40%     -1.14%  
                      01234-56   88.10%     45.49%     46.84%     -5.60%  
                      0123-456   78.57%     53.60%     50.34%     4.55%   
                      0-123456   73.02%     63.97%     62.81%     26.08%  
                      012-3456   72.22%     67.49%     56.98%     23.19%  
                      01-23456   68.25%     70.06%     66.84%     37.39%  


                               Average Accuracy:                                

                      Grouping  Overall    Average    F1 Score     MCC    
                      01-23456   68.25%     70.06%     66.84%     37.39%  
                      012-3456   72.22%     67.49%     56.98%     23.19%  
                      0-123456   73.02%     63.97%     62.81%     26.08%  
                      0123-456   78.57%     53.60%     50.34%     4.55%   
                      012345-6   97.62%     49.20%     49.40%     -1.14%  
                      01234-56   88.10%     45.49%     46.84%     -5.60%  


                               Average F1 Score:                                

                      Grouping  Overall    Average    F1 Score     MCC    
                      01-23456   68.25%     70.06%     66.84%     37.39%  
                      0-123456   73.02%     63.97%     62.81%     26.08%  
                      012-3456   72.22%     67.49%     56.98%     23.19%  
                      0123-456   78.57%     53.60%     50.34%     4.55%   
                      012345-6   97.62%     49.20%     49.40%     -1.14%  
                      01234-56   88.10%     45.49%     46.84%     -5.60%  


                   Average Matthews Correlation Coefficient:                    

                      Grouping  Overall    Average    F1 Score     MCC    
                      01-23456   68.25%     70.06%     66.84%     37.39%  
                      0-123456   73.02%     63.97%     62.81%     26.08%  
                      012-3456   72.22%     67.49%     56.98%     23.19%  
                      0123-456   78.57%     53.60%     50.34%     4.55%   
                      012345-6   97.62%     49.20%     49.40%     -1.14%  
                      01234-56   88.10%     45.49%     46.84%     -5.60%  
