                               Overall Accuracy:                                

                      Grouping  Overall    Average    F1 Score     MCC    
                      0123-4-5   93.75%     48.70%     54.47%     31.23%  
                      015-23-4   68.75%     62.61%     65.89%     47.16%  
                      01-234-5   65.00%     44.82%     43.35%     21.57%  
                      014-23-5   63.75%     43.78%     41.94%     19.10%  
                      01-235-4   63.75%     59.62%     62.98%     41.83%  
                      01-23-45   63.75%     55.05%     51.52%     29.59%  


                               Average Accuracy:                                

                      Grouping  Overall    Average    F1 Score     MCC    
                      015-23-4   68.75%     62.61%     65.89%     47.16%  
                      01-235-4   63.75%     59.62%     62.98%     41.83%  
                      01-23-45   63.75%     55.05%     51.52%     29.59%  
                      0123-4-5   93.75%     48.70%     54.47%     31.23%  
                      01-234-5   65.00%     44.82%     43.35%     21.57%  
                      014-23-5   63.75%     43.78%     41.94%     19.10%  


                               Average F1 Score:                                

                      Grouping  Overall    Average    F1 Score     MCC    
                      015-23-4   68.75%     62.61%     65.89%     47.16%  
                      01-235-4   63.75%     59.62%     62.98%     41.83%  
                      0123-4-5   93.75%     48.70%     54.47%     31.23%  
                      01-23-45   63.75%     55.05%     51.52%     29.59%  
                      01-234-5   65.00%     44.82%     43.35%     21.57%  
                      014-23-5   63.75%     43.78%     41.94%     19.10%  


                   Average Matthews Correlation Coefficient:                    

                      Grouping  Overall    Average    F1 Score     MCC    
                      015-23-4   68.75%     62.61%     65.89%     47.16%  
                      01-235-4   63.75%     59.62%     62.98%     41.83%  
                      0123-4-5   93.75%     48.70%     54.47%     31.23%  
                      01-23-45   63.75%     55.05%     51.52%     29.59%  
                      01-234-5   65.00%     44.82%     43.35%     21.57%  
                      014-23-5   63.75%     43.78%     41.94%     19.10%  
