                               Overall Accuracy:                                

                      Grouping  Overall    Average    F1 Score     MCC    
                      012356-4   87.42%     66.17%     58.11%     20.45%  
                      014-2356   67.92%     68.59%     65.52%     34.17%  
                      01-23456   62.89%     66.51%     62.51%     31.50%  


                               Average Accuracy:                                

                      Grouping  Overall    Average    F1 Score     MCC    
                      014-2356   67.92%     68.59%     65.52%     34.17%  
                      01-23456   62.89%     66.51%     62.51%     31.50%  
                      012356-4   87.42%     66.17%     58.11%     20.45%  


                               Average F1 Score:                                

                      Grouping  Overall    Average    F1 Score     MCC    
                      014-2356   67.92%     68.59%     65.52%     34.17%  
                      01-23456   62.89%     66.51%     62.51%     31.50%  
                      012356-4   87.42%     66.17%     58.11%     20.45%  


                   Average Matthews Correlation Coefficient:                    

                      Grouping  Overall    Average    F1 Score     MCC    
                      014-2356   67.92%     68.59%     65.52%     34.17%  
                      01-23456   62.89%     66.51%     62.51%     31.50%  
                      012356-4   87.42%     66.17%     58.11%     20.45%  
