                               Overall Accuracy:                                

                      Grouping  Overall    Average    F1 Score     MCC    
                      012345-6   86.23%     44.19%     46.30%     -5.64%  
                      01234-56   78.14%     48.13%     47.26%     -2.26%  
                      0-123456   73.68%     64.27%     61.23%     24.35%  
                      0123-456   66.40%     51.14%     47.57%     1.49%   
                      012-3456   59.51%     60.60%     51.39%     15.24%  
                      01-23456   57.89%     61.86%     57.89%     23.56%  


                               Average Accuracy:                                

                      Grouping  Overall    Average    F1 Score     MCC    
                      0-123456   73.68%     64.27%     61.23%     24.35%  
                      01-23456   57.89%     61.86%     57.89%     23.56%  
                      012-3456   59.51%     60.60%     51.39%     15.24%  
                      0123-456   66.40%     51.14%     47.57%     1.49%   
                      01234-56   78.14%     48.13%     47.26%     -2.26%  
                      012345-6   86.23%     44.19%     46.30%     -5.64%  


                               Average F1 Score:                                

                      Grouping  Overall    Average    F1 Score     MCC    
                      0-123456   73.68%     64.27%     61.23%     24.35%  
                      01-23456   57.89%     61.86%     57.89%     23.56%  
                      012-3456   59.51%     60.60%     51.39%     15.24%  
                      0123-456   66.40%     51.14%     47.57%     1.49%   
                      01234-56   78.14%     48.13%     47.26%     -2.26%  
                      012345-6   86.23%     44.19%     46.30%     -5.64%  


                   Average Matthews Correlation Coefficient:                    

                      Grouping  Overall    Average    F1 Score     MCC    
                      0-123456   73.68%     64.27%     61.23%     24.35%  
                      01-23456   57.89%     61.86%     57.89%     23.56%  
                      012-3456   59.51%     60.60%     51.39%     15.24%  
                      0123-456   66.40%     51.14%     47.57%     1.49%   
                      01234-56   78.14%     48.13%     47.26%     -2.26%  
                      012345-6   86.23%     44.19%     46.30%     -5.64%  
