                               Overall Accuracy:                                

                      Grouping  Overall    Average    F1 Score     MCC    
                   01-2-3-4-56   53.97%     32.69%     28.58%     16.16%  
                   0-12-3-4-56   47.62%     32.86%     27.65%     13.97%  
                   0-1-23-4-56   42.06%     32.71%     30.59%     16.83%  
                   0-1-2-34-56   38.10%     32.64%     30.02%     16.31%  
                   0-1-2-3-456   38.10%     36.75%     32.16%     18.76%  


                               Average Accuracy:                                

                      Grouping  Overall    Average    F1 Score     MCC    
                   0-1-2-3-456   38.10%     36.75%     32.16%     18.76%  
                   0-12-3-4-56   47.62%     32.86%     27.65%     13.97%  
                   0-1-23-4-56   42.06%     32.71%     30.59%     16.83%  
                   01-2-3-4-56   53.97%     32.69%     28.58%     16.16%  
                   0-1-2-34-56   38.10%     32.64%     30.02%     16.31%  


                               Average F1 Score:                                

                      Grouping  Overall    Average    F1 Score     MCC    
                   0-1-2-3-456   38.10%     36.75%     32.16%     18.76%  
                   0-1-23-4-56   42.06%     32.71%     30.59%     16.83%  
                   0-1-2-34-56   38.10%     32.64%     30.02%     16.31%  
                   01-2-3-4-56   53.97%     32.69%     28.58%     16.16%  
                   0-12-3-4-56   47.62%     32.86%     27.65%     13.97%  


                   Average Matthews Correlation Coefficient:                    

                      Grouping  Overall    Average    F1 Score     MCC    
                   0-1-2-3-456   38.10%     36.75%     32.16%     18.76%  
                   0-1-23-4-56   42.06%     32.71%     30.59%     16.83%  
                   0-1-2-34-56   38.10%     32.64%     30.02%     16.31%  
                   01-2-3-4-56   53.97%     32.69%     28.58%     16.16%  
                   0-12-3-4-56   47.62%     32.86%     27.65%     13.97%  
