                               Overall Accuracy:                                

                      Grouping  Overall    Average    F1 Score     MCC    
                      0-123456   81.03%     63.20%     54.38%     15.33%  
                      012345-6   70.33%     55.76%     55.53%     14.82%  
                      01-23456   67.31%     63.79%     63.52%     27.12%  
                      01234-56   64.44%     58.09%     58.22%     17.51%  
                      012-3456   60.78%     60.94%     60.78%     21.89%  
                      0123-456   59.91%     58.29%     58.30%     16.60%  


                               Average Accuracy:                                

                      Grouping  Overall    Average    F1 Score     MCC    
                      01-23456   67.31%     63.79%     63.52%     27.12%  
                      0-123456   81.03%     63.20%     54.38%     15.33%  
                      012-3456   60.78%     60.94%     60.78%     21.89%  
                      0123-456   59.91%     58.29%     58.30%     16.60%  
                      01234-56   64.44%     58.09%     58.22%     17.51%  
                      012345-6   70.33%     55.76%     55.53%     14.82%  


                               Average F1 Score:                                

                      Grouping  Overall    Average    F1 Score     MCC    
                      01-23456   67.31%     63.79%     63.52%     27.12%  
                      012-3456   60.78%     60.94%     60.78%     21.89%  
                      0123-456   59.91%     58.29%     58.30%     16.60%  
                      01234-56   64.44%     58.09%     58.22%     17.51%  
                      012345-6   70.33%     55.76%     55.53%     14.82%  
                      0-123456   81.03%     63.20%     54.38%     15.33%  


                   Average Matthews Correlation Coefficient:                    

                      Grouping  Overall    Average    F1 Score     MCC    
                      01-23456   67.31%     63.79%     63.52%     27.12%  
                      012-3456   60.78%     60.94%     60.78%     21.89%  
                      01234-56   64.44%     58.09%     58.22%     17.51%  
                      0123-456   59.91%     58.29%     58.30%     16.60%  
                      0-123456   81.03%     63.20%     54.38%     15.33%  
                      012345-6   70.33%     55.76%     55.53%     14.82%  
