                               Overall Accuracy:                                

                      Grouping  Overall    Average    F1 Score     MCC    
                       01234-5   95.00%     48.10%     48.72%     -2.22%  
                       0123-45   93.75%     64.72%     62.65%     25.66%  
                       012-345   76.25%     48.87%     47.93%     -1.52%  
                       0-12345   68.75%     59.58%     59.01%     18.26%  
                       01-2345   65.00%     65.82%     63.13%     29.41%  


                               Average Accuracy:                                

                      Grouping  Overall    Average    F1 Score     MCC    
                       01-2345   65.00%     65.82%     63.13%     29.41%  
                       0123-45   93.75%     64.72%     62.65%     25.66%  
                       0-12345   68.75%     59.58%     59.01%     18.26%  
                       012-345   76.25%     48.87%     47.93%     -1.52%  
                       01234-5   95.00%     48.10%     48.72%     -2.22%  


                               Average F1 Score:                                

                      Grouping  Overall    Average    F1 Score     MCC    
                       01-2345   65.00%     65.82%     63.13%     29.41%  
                       0123-45   93.75%     64.72%     62.65%     25.66%  
                       0-12345   68.75%     59.58%     59.01%     18.26%  
                       01234-5   95.00%     48.10%     48.72%     -2.22%  
                       012-345   76.25%     48.87%     47.93%     -1.52%  


                   Average Matthews Correlation Coefficient:                    

                      Grouping  Overall    Average    F1 Score     MCC    
                       01-2345   65.00%     65.82%     63.13%     29.41%  
                       0123-45   93.75%     64.72%     62.65%     25.66%  
                       0-12345   68.75%     59.58%     59.01%     18.26%  
                       012-345   76.25%     48.87%     47.93%     -1.52%  
                       01234-5   95.00%     48.10%     48.72%     -2.22%  
