                               Overall Accuracy:                                

                      Grouping  Overall    Average    F1 Score     MCC    
                     01234-5-6   74.14%     34.71%     35.02%     3.56%   
                     0123-45-6   66.16%     40.70%     38.84%     11.89%  
                     0123-4-56   65.02%     32.77%     33.17%     5.40%   


                               Average Accuracy:                                

                      Grouping  Overall    Average    F1 Score     MCC    
                     0123-45-6   66.16%     40.70%     38.84%     11.89%  
                     01234-5-6   74.14%     34.71%     35.02%     3.56%   
                     0123-4-56   65.02%     32.77%     33.17%     5.40%   


                               Average F1 Score:                                

                      Grouping  Overall    Average    F1 Score     MCC    
                     0123-45-6   66.16%     40.70%     38.84%     11.89%  
                     01234-5-6   74.14%     34.71%     35.02%     3.56%   
                     0123-4-56   65.02%     32.77%     33.17%     5.40%   


                   Average Matthews Correlation Coefficient:                    

                      Grouping  Overall    Average    F1 Score     MCC    
                     0123-45-6   66.16%     40.70%     38.84%     11.89%  
                     0123-4-56   65.02%     32.77%     33.17%     5.40%   
                     01234-5-6   74.14%     34.71%     35.02%     3.56%   
