                               Overall Accuracy:                                

                      Grouping  Overall    Average    F1 Score     MCC    
                    0123-4-5-6   53.39%     30.18%     28.45%     7.38%   
                    012-3-4-56   45.97%     30.63%     28.70%     7.95%   
                    012-3-45-6   45.20%     31.60%     29.21%     8.79%   
                    012-34-5-6   44.30%     30.29%     28.45%     7.69%   


                               Average Accuracy:                                

                      Grouping  Overall    Average    F1 Score     MCC    
                    012-3-45-6   45.20%     31.60%     29.21%     8.79%   
                    012-3-4-56   45.97%     30.63%     28.70%     7.95%   
                    012-34-5-6   44.30%     30.29%     28.45%     7.69%   
                    0123-4-5-6   53.39%     30.18%     28.45%     7.38%   


                               Average F1 Score:                                

                      Grouping  Overall    Average    F1 Score     MCC    
                    012-3-45-6   45.20%     31.60%     29.21%     8.79%   
                    012-3-4-56   45.97%     30.63%     28.70%     7.95%   
                    0123-4-5-6   53.39%     30.18%     28.45%     7.38%   
                    012-34-5-6   44.30%     30.29%     28.45%     7.69%   


                   Average Matthews Correlation Coefficient:                    

                      Grouping  Overall    Average    F1 Score     MCC    
                    012-3-45-6   45.20%     31.60%     29.21%     8.79%   
                    012-3-4-56   45.97%     30.63%     28.70%     7.95%   
                    012-34-5-6   44.30%     30.29%     28.45%     7.69%   
                    0123-4-5-6   53.39%     30.18%     28.45%     7.38%   
