                               Overall Accuracy:                                

                      Grouping  Overall    Average    F1 Score     MCC    
                    0123-4-5-6   48.20%     31.14%     29.58%     9.55%   
                    012-3-4-56   45.33%     32.78%     31.40%     11.67%  
                    012-34-5-6   41.67%     31.82%     30.50%     11.02%  
                    012-3-45-6   41.31%     31.38%     30.22%     10.62%  


                               Average Accuracy:                                

                      Grouping  Overall    Average    F1 Score     MCC    
                    012-3-4-56   45.33%     32.78%     31.40%     11.67%  
                    012-34-5-6   41.67%     31.82%     30.50%     11.02%  
                    012-3-45-6   41.31%     31.38%     30.22%     10.62%  
                    0123-4-5-6   48.20%     31.14%     29.58%     9.55%   


                               Average F1 Score:                                

                      Grouping  Overall    Average    F1 Score     MCC    
                    012-3-4-56   45.33%     32.78%     31.40%     11.67%  
                    012-34-5-6   41.67%     31.82%     30.50%     11.02%  
                    012-3-45-6   41.31%     31.38%     30.22%     10.62%  
                    0123-4-5-6   48.20%     31.14%     29.58%     9.55%   


                   Average Matthews Correlation Coefficient:                    

                      Grouping  Overall    Average    F1 Score     MCC    
                    012-3-4-56   45.33%     32.78%     31.40%     11.67%  
                    012-34-5-6   41.67%     31.82%     30.50%     11.02%  
                    012-3-45-6   41.31%     31.38%     30.22%     10.62%  
                    0123-4-5-6   48.20%     31.14%     29.58%     9.55%   
