                               Overall Accuracy:                                

                      Grouping  Overall    Average    F1 Score     MCC    
                     01234-5-6   88.10%     30.33%     31.22%     -3.69%  
                     01235-4-6   87.30%     38.36%     35.35%     9.03%   
                     01236-4-5   79.37%     36.06%     33.63%     1.22%   
                     0123-46-5   78.57%     40.73%     36.28%     6.30%   
                     0123-45-6   77.78%     32.16%     31.64%     0.62%   
                     0123-4-56   77.78%     35.73%     33.43%     2.83%   


                               Average Accuracy:                                

                      Grouping  Overall    Average    F1 Score     MCC    
                     0123-46-5   78.57%     40.73%     36.28%     6.30%   
                     01235-4-6   87.30%     38.36%     35.35%     9.03%   
                     01236-4-5   79.37%     36.06%     33.63%     1.22%   
                     0123-4-56   77.78%     35.73%     33.43%     2.83%   
                     0123-45-6   77.78%     32.16%     31.64%     0.62%   
                     01234-5-6   88.10%     30.33%     31.22%     -3.69%  


                               Average F1 Score:                                

                      Grouping  Overall    Average    F1 Score     MCC    
                     0123-46-5   78.57%     40.73%     36.28%     6.30%   
                     01235-4-6   87.30%     38.36%     35.35%     9.03%   
                     01236-4-5   79.37%     36.06%     33.63%     1.22%   
                     0123-4-56   77.78%     35.73%     33.43%     2.83%   
                     0123-45-6   77.78%     32.16%     31.64%     0.62%   
                     01234-5-6   88.10%     30.33%     31.22%     -3.69%  


                   Average Matthews Correlation Coefficient:                    

                      Grouping  Overall    Average    F1 Score     MCC    
                     01235-4-6   87.30%     38.36%     35.35%     9.03%   
                     0123-46-5   78.57%     40.73%     36.28%     6.30%   
                     0123-4-56   77.78%     35.73%     33.43%     2.83%   
                     01236-4-5   79.37%     36.06%     33.63%     1.22%   
                     0123-45-6   77.78%     32.16%     31.64%     0.62%   
                     01234-5-6   88.10%     30.33%     31.22%     -3.69%  
