                               Overall Accuracy:                                

                      Grouping  Overall    Average    F1 Score     MCC    
                    0-123-4-56   41.16%     36.91%     31.34%     11.76%  
                    01-23-4-56   39.51%     35.42%     34.11%     14.10%  
                    0-1-23-456   37.57%     37.23%     33.22%     13.49%  
                    0-1-234-56   37.14%     38.01%     33.96%     14.62%  


                               Average Accuracy:                                

                      Grouping  Overall    Average    F1 Score     MCC    
                    0-1-234-56   37.14%     38.01%     33.96%     14.62%  
                    0-1-23-456   37.57%     37.23%     33.22%     13.49%  
                    0-123-4-56   41.16%     36.91%     31.34%     11.76%  
                    01-23-4-56   39.51%     35.42%     34.11%     14.10%  


                               Average F1 Score:                                

                      Grouping  Overall    Average    F1 Score     MCC    
                    01-23-4-56   39.51%     35.42%     34.11%     14.10%  
                    0-1-234-56   37.14%     38.01%     33.96%     14.62%  
                    0-1-23-456   37.57%     37.23%     33.22%     13.49%  
                    0-123-4-56   41.16%     36.91%     31.34%     11.76%  


                   Average Matthews Correlation Coefficient:                    

                      Grouping  Overall    Average    F1 Score     MCC    
                    0-1-234-56   37.14%     38.01%     33.96%     14.62%  
                    01-23-4-56   39.51%     35.42%     34.11%     14.10%  
                    0-1-23-456   37.57%     37.23%     33.22%     13.49%  
                    0-123-4-56   41.16%     36.91%     31.34%     11.76%  
