                               Overall Accuracy:                                

                      Grouping  Overall    Average    F1 Score     MCC    
                   01-2-3-4-56   38.06%     31.68%     25.42%     11.34%  
                   0-12-3-4-56   34.82%     35.04%     26.47%     12.96%  
                   0-1-23-4-56   27.13%     31.98%     24.92%     10.66%  
                   0-1-2-34-56   23.89%     29.45%     22.68%     8.69%   
                   0-1-2-3-456   23.08%     29.23%     22.48%     8.16%   


                               Average Accuracy:                                

                      Grouping  Overall    Average    F1 Score     MCC    
                   0-12-3-4-56   34.82%     35.04%     26.47%     12.96%  
                   0-1-23-4-56   27.13%     31.98%     24.92%     10.66%  
                   01-2-3-4-56   38.06%     31.68%     25.42%     11.34%  
                   0-1-2-34-56   23.89%     29.45%     22.68%     8.69%   
                   0-1-2-3-456   23.08%     29.23%     22.48%     8.16%   


                               Average F1 Score:                                

                      Grouping  Overall    Average    F1 Score     MCC    
                   0-12-3-4-56   34.82%     35.04%     26.47%     12.96%  
                   01-2-3-4-56   38.06%     31.68%     25.42%     11.34%  
                   0-1-23-4-56   27.13%     31.98%     24.92%     10.66%  
                   0-1-2-34-56   23.89%     29.45%     22.68%     8.69%   
                   0-1-2-3-456   23.08%     29.23%     22.48%     8.16%   


                   Average Matthews Correlation Coefficient:                    

                      Grouping  Overall    Average    F1 Score     MCC    
                   0-12-3-4-56   34.82%     35.04%     26.47%     12.96%  
                   01-2-3-4-56   38.06%     31.68%     25.42%     11.34%  
                   0-1-23-4-56   27.13%     31.98%     24.92%     10.66%  
                   0-1-2-34-56   23.89%     29.45%     22.68%     8.69%   
                   0-1-2-3-456   23.08%     29.23%     22.48%     8.16%   
