                               Overall Accuracy:                                

                      Grouping  Overall    Average    F1 Score     MCC    
                      01245-36   88.10%     77.92%     64.12%     34.80%  
                      01346-25   72.22%     62.29%     62.15%     24.31%  
                      014-2356   71.43%     70.00%     67.86%     37.21%  


                               Average Accuracy:                                

                      Grouping  Overall    Average    F1 Score     MCC    
                      01245-36   88.10%     77.92%     64.12%     34.80%  
                      014-2356   71.43%     70.00%     67.86%     37.21%  
                      01346-25   72.22%     62.29%     62.15%     24.31%  


                               Average F1 Score:                                

                      Grouping  Overall    Average    F1 Score     MCC    
                      014-2356   71.43%     70.00%     67.86%     37.21%  
                      01245-36   88.10%     77.92%     64.12%     34.80%  
                      01346-25   72.22%     62.29%     62.15%     24.31%  


                   Average Matthews Correlation Coefficient:                    

                      Grouping  Overall    Average    F1 Score     MCC    
                      014-2356   71.43%     70.00%     67.86%     37.21%  
                      01245-36   88.10%     77.92%     64.12%     34.80%  
                      01346-25   72.22%     62.29%     62.15%     24.31%  
