                               Overall Accuracy:                                

                      Grouping  Overall    Average    F1 Score     MCC    
                      012346-5   90.28%     46.65%     47.45%     -4.82%  
                      012356-4   87.45%     67.43%     58.77%     22.01%  
                      01236-45   77.73%     54.17%     51.28%     5.70%   


                               Average Accuracy:                                

                      Grouping  Overall    Average    F1 Score     MCC    
                      012356-4   87.45%     67.43%     58.77%     22.01%  
                      01236-45   77.73%     54.17%     51.28%     5.70%   
                      012346-5   90.28%     46.65%     47.45%     -4.82%  


                               Average F1 Score:                                

                      Grouping  Overall    Average    F1 Score     MCC    
                      012356-4   87.45%     67.43%     58.77%     22.01%  
                      01236-45   77.73%     54.17%     51.28%     5.70%   
                      012346-5   90.28%     46.65%     47.45%     -4.82%  


                   Average Matthews Correlation Coefficient:                    

                      Grouping  Overall    Average    F1 Score     MCC    
                      012356-4   87.45%     67.43%     58.77%     22.01%  
                      01236-45   77.73%     54.17%     51.28%     5.70%   
                      012346-5   90.28%     46.65%     47.45%     -4.82%  
