                               Overall Accuracy:                                

                      Grouping  Overall    Average    F1 Score     MCC    
                      012356-4   84.84%     68.09%     55.67%     19.11%  
                      0-123456   74.20%     63.05%     60.20%     22.15%  
                      04-12356   63.83%     62.18%     56.76%     19.78%  


                               Average Accuracy:                                

                      Grouping  Overall    Average    F1 Score     MCC    
                      012356-4   84.84%     68.09%     55.67%     19.11%  
                      0-123456   74.20%     63.05%     60.20%     22.15%  
                      04-12356   63.83%     62.18%     56.76%     19.78%  


                               Average F1 Score:                                

                      Grouping  Overall    Average    F1 Score     MCC    
                      0-123456   74.20%     63.05%     60.20%     22.15%  
                      04-12356   63.83%     62.18%     56.76%     19.78%  
                      012356-4   84.84%     68.09%     55.67%     19.11%  


                   Average Matthews Correlation Coefficient:                    

                      Grouping  Overall    Average    F1 Score     MCC    
                      0-123456   74.20%     63.05%     60.20%     22.15%  
                      04-12356   63.83%     62.18%     56.76%     19.78%  
                      012356-4   84.84%     68.09%     55.67%     19.11%  
