                               Overall Accuracy:                                

                      Grouping  Overall    Average    F1 Score     MCC    
                   0-123-4-5-6   39.18%     27.03%     24.39%     7.85%   
                   01-23-4-5-6   35.08%     26.78%     25.62%     8.96%   
                   0-1-234-5-6   31.37%     28.03%     26.06%     9.38%   
                   0-1-23-4-56   28.68%     27.61%     25.51%     8.89%   
                   0-1-23-45-6   27.91%     28.38%     25.92%     9.56%   


                               Average Accuracy:                                

                      Grouping  Overall    Average    F1 Score     MCC    
                   0-1-23-45-6   27.91%     28.38%     25.92%     9.56%   
                   0-1-234-5-6   31.37%     28.03%     26.06%     9.38%   
                   0-1-23-4-56   28.68%     27.61%     25.51%     8.89%   
                   0-123-4-5-6   39.18%     27.03%     24.39%     7.85%   
                   01-23-4-5-6   35.08%     26.78%     25.62%     8.96%   


                               Average F1 Score:                                

                      Grouping  Overall    Average    F1 Score     MCC    
                   0-1-234-5-6   31.37%     28.03%     26.06%     9.38%   
                   0-1-23-45-6   27.91%     28.38%     25.92%     9.56%   
                   01-23-4-5-6   35.08%     26.78%     25.62%     8.96%   
                   0-1-23-4-56   28.68%     27.61%     25.51%     8.89%   
                   0-123-4-5-6   39.18%     27.03%     24.39%     7.85%   


                   Average Matthews Correlation Coefficient:                    

                      Grouping  Overall    Average    F1 Score     MCC    
                   0-1-23-45-6   27.91%     28.38%     25.92%     9.56%   
                   0-1-234-5-6   31.37%     28.03%     26.06%     9.38%   
                   01-23-4-5-6   35.08%     26.78%     25.62%     8.96%   
                   0-1-23-4-56   28.68%     27.61%     25.51%     8.89%   
                   0-123-4-5-6   39.18%     27.03%     24.39%     7.85%   
