                               Overall Accuracy:                                

                      Grouping  Overall    Average    F1 Score     MCC    
                      012346-5   90.43%     55.76%     54.61%     9.61%   
                      012456-3   85.90%     52.02%     51.26%     3.18%   
                      01246-35   80.59%     60.83%     58.25%     17.79%  


                               Average Accuracy:                                

                      Grouping  Overall    Average    F1 Score     MCC    
                      01246-35   80.59%     60.83%     58.25%     17.79%  
                      012346-5   90.43%     55.76%     54.61%     9.61%   
                      012456-3   85.90%     52.02%     51.26%     3.18%   


                               Average F1 Score:                                

                      Grouping  Overall    Average    F1 Score     MCC    
                      01246-35   80.59%     60.83%     58.25%     17.79%  
                      012346-5   90.43%     55.76%     54.61%     9.61%   
                      012456-3   85.90%     52.02%     51.26%     3.18%   


                   Average Matthews Correlation Coefficient:                    

                      Grouping  Overall    Average    F1 Score     MCC    
                      01246-35   80.59%     60.83%     58.25%     17.79%  
                      012346-5   90.43%     55.76%     54.61%     9.61%   
                      012456-3   85.90%     52.02%     51.26%     3.18%   
