                               Overall Accuracy:                                

                      Grouping  Overall    Average    F1 Score     MCC    
                     0123-4-56   76.10%     46.55%     39.70%     11.10%  
                     01-234-56   57.23%     46.19%     42.77%     20.89%  
                     01-23-456   53.46%     47.37%     43.70%     21.54%  


                               Average Accuracy:                                

                      Grouping  Overall    Average    F1 Score     MCC    
                     01-23-456   53.46%     47.37%     43.70%     21.54%  
                     0123-4-56   76.10%     46.55%     39.70%     11.10%  
                     01-234-56   57.23%     46.19%     42.77%     20.89%  


                               Average F1 Score:                                

                      Grouping  Overall    Average    F1 Score     MCC    
                     01-23-456   53.46%     47.37%     43.70%     21.54%  
                     01-234-56   57.23%     46.19%     42.77%     20.89%  
                     0123-4-56   76.10%     46.55%     39.70%     11.10%  


                   Average Matthews Correlation Coefficient:                    

                      Grouping  Overall    Average    F1 Score     MCC    
                     01-23-456   53.46%     47.37%     43.70%     21.54%  
                     01-234-56   57.23%     46.19%     42.77%     20.89%  
                     0123-4-56   76.10%     46.55%     39.70%     11.10%  
