                               Overall Accuracy:                                

                      Grouping  Overall    Average    F1 Score     MCC    
                   012-3-4-5-6   57.86%     26.80%     21.59%     6.94%   
                   01-23-4-5-6   52.83%     30.84%     27.36%     14.35%  
                   01-2-34-5-6   47.17%     28.61%     24.31%     11.74%  
                   01-2-3-4-56   45.28%     33.37%     27.40%     14.71%  
                   01-2-3-45-6   44.65%     26.92%     23.71%     10.38%  


                               Average Accuracy:                                

                      Grouping  Overall    Average    F1 Score     MCC    
                   01-2-3-4-56   45.28%     33.37%     27.40%     14.71%  
                   01-23-4-5-6   52.83%     30.84%     27.36%     14.35%  
                   01-2-34-5-6   47.17%     28.61%     24.31%     11.74%  
                   01-2-3-45-6   44.65%     26.92%     23.71%     10.38%  
                   012-3-4-5-6   57.86%     26.80%     21.59%     6.94%   


                               Average F1 Score:                                

                      Grouping  Overall    Average    F1 Score     MCC    
                   01-2-3-4-56   45.28%     33.37%     27.40%     14.71%  
                   01-23-4-5-6   52.83%     30.84%     27.36%     14.35%  
                   01-2-34-5-6   47.17%     28.61%     24.31%     11.74%  
                   01-2-3-45-6   44.65%     26.92%     23.71%     10.38%  
                   012-3-4-5-6   57.86%     26.80%     21.59%     6.94%   


                   Average Matthews Correlation Coefficient:                    

                      Grouping  Overall    Average    F1 Score     MCC    
                   01-2-3-4-56   45.28%     33.37%     27.40%     14.71%  
                   01-23-4-5-6   52.83%     30.84%     27.36%     14.35%  
                   01-2-34-5-6   47.17%     28.61%     24.31%     11.74%  
                   01-2-3-45-6   44.65%     26.92%     23.71%     10.38%  
                   012-3-4-5-6   57.86%     26.80%     21.59%     6.94%   
