                               Overall Accuracy:                                

                      Grouping  Overall    Average    F1 Score     MCC    
                   012-3-4-5-6   53.85%     27.57%     22.54%     7.84%   
                   01-23-4-5-6   41.70%     26.03%     23.45%     8.55%   
                   01-2-34-5-6   38.46%     23.50%     21.22%     6.58%   
                   01-2-3-4-56   38.06%     31.68%     25.42%     11.34%  
                   01-2-3-45-6   37.25%     24.99%     22.24%     7.40%   


                               Average Accuracy:                                

                      Grouping  Overall    Average    F1 Score     MCC    
                   01-2-3-4-56   38.06%     31.68%     25.42%     11.34%  
                   012-3-4-5-6   53.85%     27.57%     22.54%     7.84%   
                   01-23-4-5-6   41.70%     26.03%     23.45%     8.55%   
                   01-2-3-45-6   37.25%     24.99%     22.24%     7.40%   
                   01-2-34-5-6   38.46%     23.50%     21.22%     6.58%   


                               Average F1 Score:                                

                      Grouping  Overall    Average    F1 Score     MCC    
                   01-2-3-4-56   38.06%     31.68%     25.42%     11.34%  
                   01-23-4-5-6   41.70%     26.03%     23.45%     8.55%   
                   012-3-4-5-6   53.85%     27.57%     22.54%     7.84%   
                   01-2-3-45-6   37.25%     24.99%     22.24%     7.40%   
                   01-2-34-5-6   38.46%     23.50%     21.22%     6.58%   


                   Average Matthews Correlation Coefficient:                    

                      Grouping  Overall    Average    F1 Score     MCC    
                   01-2-3-4-56   38.06%     31.68%     25.42%     11.34%  
                   01-23-4-5-6   41.70%     26.03%     23.45%     8.55%   
                   012-3-4-5-6   53.85%     27.57%     22.54%     7.84%   
                   01-2-3-45-6   37.25%     24.99%     22.24%     7.40%   
                   01-2-34-5-6   38.46%     23.50%     21.22%     6.58%   
