                               Overall Accuracy:                                

                      Grouping  Overall    Average    F1 Score     MCC    
                   01-2-3-4-56   35.63%     28.42%     27.05%     11.25%  
                   0-12-3-4-56   34.05%     30.41%     25.63%     10.66%  
                   0-1-2-3-456   33.69%     29.87%     26.33%     10.76%  
                   0-1-23-4-56   31.54%     31.56%     27.41%     12.10%  
                   0-1-2-34-56   29.67%     31.07%     26.94%     11.87%  


                               Average Accuracy:                                

                      Grouping  Overall    Average    F1 Score     MCC    
                   0-1-23-4-56   31.54%     31.56%     27.41%     12.10%  
                   0-1-2-34-56   29.67%     31.07%     26.94%     11.87%  
                   0-12-3-4-56   34.05%     30.41%     25.63%     10.66%  
                   0-1-2-3-456   33.69%     29.87%     26.33%     10.76%  
                   01-2-3-4-56   35.63%     28.42%     27.05%     11.25%  


                               Average F1 Score:                                

                      Grouping  Overall    Average    F1 Score     MCC    
                   0-1-23-4-56   31.54%     31.56%     27.41%     12.10%  
                   01-2-3-4-56   35.63%     28.42%     27.05%     11.25%  
                   0-1-2-34-56   29.67%     31.07%     26.94%     11.87%  
                   0-1-2-3-456   33.69%     29.87%     26.33%     10.76%  
                   0-12-3-4-56   34.05%     30.41%     25.63%     10.66%  


                   Average Matthews Correlation Coefficient:                    

                      Grouping  Overall    Average    F1 Score     MCC    
                   0-1-23-4-56   31.54%     31.56%     27.41%     12.10%  
                   0-1-2-34-56   29.67%     31.07%     26.94%     11.87%  
                   01-2-3-4-56   35.63%     28.42%     27.05%     11.25%  
                   0-1-2-3-456   33.69%     29.87%     26.33%     10.76%  
                   0-12-3-4-56   34.05%     30.41%     25.63%     10.66%  
