                               Overall Accuracy:                                

                      Grouping  Overall    Average    F1 Score     MCC    
                     0123-45-6   66.16%     40.70%     38.84%     11.89%  
                     01-2345-6   51.90%     43.87%     42.78%     16.27%  
                     01-23-456   47.72%     46.66%     44.29%     18.76%  


                               Average Accuracy:                                

                      Grouping  Overall    Average    F1 Score     MCC    
                     01-23-456   47.72%     46.66%     44.29%     18.76%  
                     01-2345-6   51.90%     43.87%     42.78%     16.27%  
                     0123-45-6   66.16%     40.70%     38.84%     11.89%  


                               Average F1 Score:                                

                      Grouping  Overall    Average    F1 Score     MCC    
                     01-23-456   47.72%     46.66%     44.29%     18.76%  
                     01-2345-6   51.90%     43.87%     42.78%     16.27%  
                     0123-45-6   66.16%     40.70%     38.84%     11.89%  


                   Average Matthews Correlation Coefficient:                    

                      Grouping  Overall    Average    F1 Score     MCC    
                     01-23-456   47.72%     46.66%     44.29%     18.76%  
                     01-2345-6   51.90%     43.87%     42.78%     16.27%  
                     0123-45-6   66.16%     40.70%     38.84%     11.89%  
