                               Overall Accuracy:                                

                      Grouping  Overall    Average    F1 Score     MCC    
                     01246-3-5   78.46%     39.01%     37.75%     10.19%  
                     01236-4-5   75.53%     49.02%     39.92%     12.88%  
                     01256-3-4   72.34%     46.90%     38.04%     12.30%  
                     0126-35-4   67.29%     52.57%     42.48%     18.45%  
                     0126-34-5   66.76%     44.64%     39.63%     14.22%  
                     0126-3-45   65.43%     40.32%     36.55%     10.52%  


                               Average Accuracy:                                

                      Grouping  Overall    Average    F1 Score     MCC    
                     0126-35-4   67.29%     52.57%     42.48%     18.45%  
                     01236-4-5   75.53%     49.02%     39.92%     12.88%  
                     01256-3-4   72.34%     46.90%     38.04%     12.30%  
                     0126-34-5   66.76%     44.64%     39.63%     14.22%  
                     0126-3-45   65.43%     40.32%     36.55%     10.52%  
                     01246-3-5   78.46%     39.01%     37.75%     10.19%  


                               Average F1 Score:                                

                      Grouping  Overall    Average    F1 Score     MCC    
                     0126-35-4   67.29%     52.57%     42.48%     18.45%  
                     01236-4-5   75.53%     49.02%     39.92%     12.88%  
                     0126-34-5   66.76%     44.64%     39.63%     14.22%  
                     01256-3-4   72.34%     46.90%     38.04%     12.30%  
                     01246-3-5   78.46%     39.01%     37.75%     10.19%  
                     0126-3-45   65.43%     40.32%     36.55%     10.52%  


                   Average Matthews Correlation Coefficient:                    

                      Grouping  Overall    Average    F1 Score     MCC    
                     0126-35-4   67.29%     52.57%     42.48%     18.45%  
                     0126-34-5   66.76%     44.64%     39.63%     14.22%  
                     01236-4-5   75.53%     49.02%     39.92%     12.88%  
                     01256-3-4   72.34%     46.90%     38.04%     12.30%  
                     0126-3-45   65.43%     40.32%     36.55%     10.52%  
                     01246-3-5   78.46%     39.01%     37.75%     10.19%  
