                               Overall Accuracy:                                

                      Grouping  Overall    Average    F1 Score     MCC    
                      01-23456   67.31%     63.79%     63.52%     27.12%  
                      01356-24   64.66%     53.35%     53.32%     6.64%   
                      0124-356   61.28%     59.86%     59.91%     19.94%  


                               Average Accuracy:                                

                      Grouping  Overall    Average    F1 Score     MCC    
                      01-23456   67.31%     63.79%     63.52%     27.12%  
                      0124-356   61.28%     59.86%     59.91%     19.94%  
                      01356-24   64.66%     53.35%     53.32%     6.64%   


                               Average F1 Score:                                

                      Grouping  Overall    Average    F1 Score     MCC    
                      01-23456   67.31%     63.79%     63.52%     27.12%  
                      0124-356   61.28%     59.86%     59.91%     19.94%  
                      01356-24   64.66%     53.35%     53.32%     6.64%   


                   Average Matthews Correlation Coefficient:                    

                      Grouping  Overall    Average    F1 Score     MCC    
                      01-23456   67.31%     63.79%     63.52%     27.12%  
                      0124-356   61.28%     59.86%     59.91%     19.94%  
                      01356-24   64.66%     53.35%     53.32%     6.64%   
