                               Overall Accuracy:                                

                      Grouping  Overall    Average    F1 Score     MCC    
                   012-3-4-5-6   39.66%     26.04%     24.63%     9.02%   
                   01-2-3-4-56   35.63%     28.42%     27.05%     11.25%  
                   01-23-4-5-6   33.84%     28.15%     26.80%     10.96%  
                   01-2-34-5-6   31.97%     27.66%     26.33%     10.73%  
                   01-2-3-45-6   31.61%     27.30%     26.10%     10.41%  


                               Average Accuracy:                                

                      Grouping  Overall    Average    F1 Score     MCC    
                   01-2-3-4-56   35.63%     28.42%     27.05%     11.25%  
                   01-23-4-5-6   33.84%     28.15%     26.80%     10.96%  
                   01-2-34-5-6   31.97%     27.66%     26.33%     10.73%  
                   01-2-3-45-6   31.61%     27.30%     26.10%     10.41%  
                   012-3-4-5-6   39.66%     26.04%     24.63%     9.02%   


                               Average F1 Score:                                

                      Grouping  Overall    Average    F1 Score     MCC    
                   01-2-3-4-56   35.63%     28.42%     27.05%     11.25%  
                   01-23-4-5-6   33.84%     28.15%     26.80%     10.96%  
                   01-2-34-5-6   31.97%     27.66%     26.33%     10.73%  
                   01-2-3-45-6   31.61%     27.30%     26.10%     10.41%  
                   012-3-4-5-6   39.66%     26.04%     24.63%     9.02%   


                   Average Matthews Correlation Coefficient:                    

                      Grouping  Overall    Average    F1 Score     MCC    
                   01-2-3-4-56   35.63%     28.42%     27.05%     11.25%  
                   01-23-4-5-6   33.84%     28.15%     26.80%     10.96%  
                   01-2-34-5-6   31.97%     27.66%     26.33%     10.73%  
                   01-2-3-45-6   31.61%     27.30%     26.10%     10.41%  
                   012-3-4-5-6   39.66%     26.04%     24.63%     9.02%   
