                               Overall Accuracy:                                

                      Grouping  Overall    Average    F1 Score     MCC    
                    0-123-45-6   44.30%     34.60%     31.04%     10.73%  
                    01-23-45-6   43.73%     34.83%     33.47%     13.69%  
                    0-1-2345-6   36.88%     35.20%     31.34%     11.76%  
                    0-1-23-456   32.70%     37.29%     32.48%     13.62%  


                               Average Accuracy:                                

                      Grouping  Overall    Average    F1 Score     MCC    
                    0-1-23-456   32.70%     37.29%     32.48%     13.62%  
                    0-1-2345-6   36.88%     35.20%     31.34%     11.76%  
                    01-23-45-6   43.73%     34.83%     33.47%     13.69%  
                    0-123-45-6   44.30%     34.60%     31.04%     10.73%  


                               Average F1 Score:                                

                      Grouping  Overall    Average    F1 Score     MCC    
                    01-23-45-6   43.73%     34.83%     33.47%     13.69%  
                    0-1-23-456   32.70%     37.29%     32.48%     13.62%  
                    0-1-2345-6   36.88%     35.20%     31.34%     11.76%  
                    0-123-45-6   44.30%     34.60%     31.04%     10.73%  


                   Average Matthews Correlation Coefficient:                    

                      Grouping  Overall    Average    F1 Score     MCC    
                    01-23-45-6   43.73%     34.83%     33.47%     13.69%  
                    0-1-23-456   32.70%     37.29%     32.48%     13.62%  
                    0-1-2345-6   36.88%     35.20%     31.34%     11.76%  
                    0-123-45-6   44.30%     34.60%     31.04%     10.73%  
