                               Overall Accuracy:                                

                      Grouping  Overall    Average    F1 Score     MCC    
                      0123-456   70.15%     61.38%     57.75%     18.59%  
                      01456-23   65.21%     57.62%     57.42%     14.90%  
                      01-23456   60.08%     61.29%     60.04%     22.78%  


                               Average Accuracy:                                

                      Grouping  Overall    Average    F1 Score     MCC    
                      0123-456   70.15%     61.38%     57.75%     18.59%  
                      01-23456   60.08%     61.29%     60.04%     22.78%  
                      01456-23   65.21%     57.62%     57.42%     14.90%  


                               Average F1 Score:                                

                      Grouping  Overall    Average    F1 Score     MCC    
                      01-23456   60.08%     61.29%     60.04%     22.78%  
                      0123-456   70.15%     61.38%     57.75%     18.59%  
                      01456-23   65.21%     57.62%     57.42%     14.90%  


                   Average Matthews Correlation Coefficient:                    

                      Grouping  Overall    Average    F1 Score     MCC    
                      01-23456   60.08%     61.29%     60.04%     22.78%  
                      0123-456   70.15%     61.38%     57.75%     18.59%  
                      01456-23   65.21%     57.62%     57.42%     14.90%  
