                               Overall Accuracy:                                

                      Grouping  Overall    Average    F1 Score     MCC    
                      012456-3   83.74%     53.12%     51.73%     4.67%   
                      012346-5   82.71%     54.31%     52.74%     6.66%   
                      01246-35   70.29%     54.88%     52.62%     7.73%   


                               Average Accuracy:                                

                      Grouping  Overall    Average    F1 Score     MCC    
                      01246-35   70.29%     54.88%     52.62%     7.73%   
                      012346-5   82.71%     54.31%     52.74%     6.66%   
                      012456-3   83.74%     53.12%     51.73%     4.67%   


                               Average F1 Score:                                

                      Grouping  Overall    Average    F1 Score     MCC    
                      012346-5   82.71%     54.31%     52.74%     6.66%   
                      01246-35   70.29%     54.88%     52.62%     7.73%   
                      012456-3   83.74%     53.12%     51.73%     4.67%   


                   Average Matthews Correlation Coefficient:                    

                      Grouping  Overall    Average    F1 Score     MCC    
                      01246-35   70.29%     54.88%     52.62%     7.73%   
                      012346-5   82.71%     54.31%     52.74%     6.66%   
                      012456-3   83.74%     53.12%     51.73%     4.67%   
