                               Overall Accuracy:                                

                      Grouping  Overall    Average    F1 Score     MCC    
                      015-23-4   68.75%     62.61%     65.89%     47.16%  
                      05-123-4   67.50%     58.05%     62.63%     38.88%  
                      0235-1-4   52.50%     50.53%     54.58%     25.50%  
                      05-1-234   46.25%     49.54%     46.05%     21.34%  
                      045-1-23   45.00%     48.65%     45.16%     19.95%  
                      05-14-23   45.00%     49.04%     45.22%     20.04%  


                               Average Accuracy:                                

                      Grouping  Overall    Average    F1 Score     MCC    
                      015-23-4   68.75%     62.61%     65.89%     47.16%  
                      05-123-4   67.50%     58.05%     62.63%     38.88%  
                      0235-1-4   52.50%     50.53%     54.58%     25.50%  
                      05-1-234   46.25%     49.54%     46.05%     21.34%  
                      05-14-23   45.00%     49.04%     45.22%     20.04%  
                      045-1-23   45.00%     48.65%     45.16%     19.95%  


                               Average F1 Score:                                

                      Grouping  Overall    Average    F1 Score     MCC    
                      015-23-4   68.75%     62.61%     65.89%     47.16%  
                      05-123-4   67.50%     58.05%     62.63%     38.88%  
                      0235-1-4   52.50%     50.53%     54.58%     25.50%  
                      05-1-234   46.25%     49.54%     46.05%     21.34%  
                      05-14-23   45.00%     49.04%     45.22%     20.04%  
                      045-1-23   45.00%     48.65%     45.16%     19.95%  


                   Average Matthews Correlation Coefficient:                    

                      Grouping  Overall    Average    F1 Score     MCC    
                      015-23-4   68.75%     62.61%     65.89%     47.16%  
                      05-123-4   67.50%     58.05%     62.63%     38.88%  
                      0235-1-4   52.50%     50.53%     54.58%     25.50%  
                      05-1-234   46.25%     49.54%     46.05%     21.34%  
                      05-14-23   45.00%     49.04%     45.22%     20.04%  
                      045-1-23   45.00%     48.65%     45.16%     19.95%  
