                               Overall Accuracy:                                

                      Grouping  Overall    Average    F1 Score     MCC    
                      0-123456   79.13%     57.77%     54.98%     11.93%  
                      012345-6   78.87%     52.36%     52.49%     5.17%   
                      01234-56   67.48%     54.25%     53.98%     8.11%   
                      0123-456   61.97%     58.13%     56.45%     14.76%  
                      01-23456   61.08%     59.84%     59.69%     20.39%  
                      012-3456   57.49%     58.57%     56.22%     16.10%  


                               Average Accuracy:                                

                      Grouping  Overall    Average    F1 Score     MCC    
                      01-23456   61.08%     59.84%     59.69%     20.39%  
                      012-3456   57.49%     58.57%     56.22%     16.10%  
                      0123-456   61.97%     58.13%     56.45%     14.76%  
                      0-123456   79.13%     57.77%     54.98%     11.93%  
                      01234-56   67.48%     54.25%     53.98%     8.11%   
                      012345-6   78.87%     52.36%     52.49%     5.17%   


                               Average F1 Score:                                

                      Grouping  Overall    Average    F1 Score     MCC    
                      01-23456   61.08%     59.84%     59.69%     20.39%  
                      0123-456   61.97%     58.13%     56.45%     14.76%  
                      012-3456   57.49%     58.57%     56.22%     16.10%  
                      0-123456   79.13%     57.77%     54.98%     11.93%  
                      01234-56   67.48%     54.25%     53.98%     8.11%   
                      012345-6   78.87%     52.36%     52.49%     5.17%   


                   Average Matthews Correlation Coefficient:                    

                      Grouping  Overall    Average    F1 Score     MCC    
                      01-23456   61.08%     59.84%     59.69%     20.39%  
                      012-3456   57.49%     58.57%     56.22%     16.10%  
                      0123-456   61.97%     58.13%     56.45%     14.76%  
                      0-123456   79.13%     57.77%     54.98%     11.93%  
                      01234-56   67.48%     54.25%     53.98%     8.11%   
                      012345-6   78.87%     52.36%     52.49%     5.17%   
