                               Overall Accuracy:                                

                      Grouping  Overall    Average    F1 Score     MCC    
                      012345-6   81.91%     45.76%     46.44%     -4.88%  
                      01234-56   75.53%     55.09%     51.74%     7.08%   
                      0-123456   74.20%     63.05%     60.20%     22.15%  
                      0123-456   64.63%     59.73%     51.97%     13.39%  
                      01-23456   60.11%     62.55%     60.11%     25.05%  
                      012-3456   59.57%     61.76%     53.69%     18.27%  


                               Average Accuracy:                                

                      Grouping  Overall    Average    F1 Score     MCC    
                      0-123456   74.20%     63.05%     60.20%     22.15%  
                      01-23456   60.11%     62.55%     60.11%     25.05%  
                      012-3456   59.57%     61.76%     53.69%     18.27%  
                      0123-456   64.63%     59.73%     51.97%     13.39%  
                      01234-56   75.53%     55.09%     51.74%     7.08%   
                      012345-6   81.91%     45.76%     46.44%     -4.88%  


                               Average F1 Score:                                

                      Grouping  Overall    Average    F1 Score     MCC    
                      0-123456   74.20%     63.05%     60.20%     22.15%  
                      01-23456   60.11%     62.55%     60.11%     25.05%  
                      012-3456   59.57%     61.76%     53.69%     18.27%  
                      0123-456   64.63%     59.73%     51.97%     13.39%  
                      01234-56   75.53%     55.09%     51.74%     7.08%   
                      012345-6   81.91%     45.76%     46.44%     -4.88%  


                   Average Matthews Correlation Coefficient:                    

                      Grouping  Overall    Average    F1 Score     MCC    
                      01-23456   60.11%     62.55%     60.11%     25.05%  
                      0-123456   74.20%     63.05%     60.20%     22.15%  
                      012-3456   59.57%     61.76%     53.69%     18.27%  
                      0123-456   64.63%     59.73%     51.97%     13.39%  
                      01234-56   75.53%     55.09%     51.74%     7.08%   
                      012345-6   81.91%     45.76%     46.44%     -4.88%  
