                               Overall Accuracy:                                

                      Grouping  Overall    Average    F1 Score     MCC    
                     01236-4-5   67.82%     36.76%     34.36%     3.65%   
                     01256-3-4   67.46%     37.08%     34.64%     4.51%   
                     01246-3-5   67.31%     34.79%     33.91%     3.04%   
                     0126-35-4   56.90%     39.11%     35.82%     7.16%   
                     0126-34-5   56.39%     36.95%     34.57%     5.59%   
                     0126-3-45   56.03%     36.36%     34.19%     5.06%   


                               Average Accuracy:                                

                      Grouping  Overall    Average    F1 Score     MCC    
                     0126-35-4   56.90%     39.11%     35.82%     7.16%   
                     01256-3-4   67.46%     37.08%     34.64%     4.51%   
                     0126-34-5   56.39%     36.95%     34.57%     5.59%   
                     01236-4-5   67.82%     36.76%     34.36%     3.65%   
                     0126-3-45   56.03%     36.36%     34.19%     5.06%   
                     01246-3-5   67.31%     34.79%     33.91%     3.04%   


                               Average F1 Score:                                

                      Grouping  Overall    Average    F1 Score     MCC    
                     0126-35-4   56.90%     39.11%     35.82%     7.16%   
                     01256-3-4   67.46%     37.08%     34.64%     4.51%   
                     0126-34-5   56.39%     36.95%     34.57%     5.59%   
                     01236-4-5   67.82%     36.76%     34.36%     3.65%   
                     0126-3-45   56.03%     36.36%     34.19%     5.06%   
                     01246-3-5   67.31%     34.79%     33.91%     3.04%   


                   Average Matthews Correlation Coefficient:                    

                      Grouping  Overall    Average    F1 Score     MCC    
                     0126-35-4   56.90%     39.11%     35.82%     7.16%   
                     0126-34-5   56.39%     36.95%     34.57%     5.59%   
                     0126-3-45   56.03%     36.36%     34.19%     5.06%   
                     01256-3-4   67.46%     37.08%     34.64%     4.51%   
                     01236-4-5   67.82%     36.76%     34.36%     3.65%   
                     01246-3-5   67.31%     34.79%     33.91%     3.04%   
