                               Overall Accuracy:                                

                      Grouping  Overall    Average    F1 Score     MCC    
                     01234-5-6   58.76%     38.42%     38.00%     11.14%  
                     0123-4-56   53.88%     41.82%     40.26%     13.26%  
                     0123-45-6   49.86%     39.95%     38.68%     11.86%  


                               Average Accuracy:                                

                      Grouping  Overall    Average    F1 Score     MCC    
                     0123-4-56   53.88%     41.82%     40.26%     13.26%  
                     0123-45-6   49.86%     39.95%     38.68%     11.86%  
                     01234-5-6   58.76%     38.42%     38.00%     11.14%  


                               Average F1 Score:                                

                      Grouping  Overall    Average    F1 Score     MCC    
                     0123-4-56   53.88%     41.82%     40.26%     13.26%  
                     0123-45-6   49.86%     39.95%     38.68%     11.86%  
                     01234-5-6   58.76%     38.42%     38.00%     11.14%  


                   Average Matthews Correlation Coefficient:                    

                      Grouping  Overall    Average    F1 Score     MCC    
                     0123-4-56   53.88%     41.82%     40.26%     13.26%  
                     0123-45-6   49.86%     39.95%     38.68%     11.86%  
                     01234-5-6   58.76%     38.42%     38.00%     11.14%  
