                               Overall Accuracy:                                

                      Grouping  Overall    Average    F1 Score     MCC    
                      0123-4-5   93.75%     48.70%     54.47%     31.23%  
                      01-234-5   65.00%     44.82%     43.35%     21.57%  
                      01-23-45   63.75%     55.05%     51.52%     29.59%  


                               Average Accuracy:                                

                      Grouping  Overall    Average    F1 Score     MCC    
                      01-23-45   63.75%     55.05%     51.52%     29.59%  
                      0123-4-5   93.75%     48.70%     54.47%     31.23%  
                      01-234-5   65.00%     44.82%     43.35%     21.57%  


                               Average F1 Score:                                

                      Grouping  Overall    Average    F1 Score     MCC    
                      0123-4-5   93.75%     48.70%     54.47%     31.23%  
                      01-23-45   63.75%     55.05%     51.52%     29.59%  
                      01-234-5   65.00%     44.82%     43.35%     21.57%  


                   Average Matthews Correlation Coefficient:                    

                      Grouping  Overall    Average    F1 Score     MCC    
                      0123-4-5   93.75%     48.70%     54.47%     31.23%  
                      01-23-45   63.75%     55.05%     51.52%     29.59%  
                      01-234-5   65.00%     44.82%     43.35%     21.57%  
