                               Overall Accuracy:                                

                      Grouping  Overall    Average    F1 Score     MCC    
                     0123-4-56   62.50%     48.85%     38.07%     13.19%  
                     0-1234-56   53.72%     44.97%     40.60%     14.05%  
                     0-123-456   45.21%     47.78%     40.06%     16.61%  


                               Average Accuracy:                                

                      Grouping  Overall    Average    F1 Score     MCC    
                     0123-4-56   62.50%     48.85%     38.07%     13.19%  
                     0-123-456   45.21%     47.78%     40.06%     16.61%  
                     0-1234-56   53.72%     44.97%     40.60%     14.05%  


                               Average F1 Score:                                

                      Grouping  Overall    Average    F1 Score     MCC    
                     0-1234-56   53.72%     44.97%     40.60%     14.05%  
                     0-123-456   45.21%     47.78%     40.06%     16.61%  
                     0123-4-56   62.50%     48.85%     38.07%     13.19%  


                   Average Matthews Correlation Coefficient:                    

                      Grouping  Overall    Average    F1 Score     MCC    
                     0-123-456   45.21%     47.78%     40.06%     16.61%  
                     0-1234-56   53.72%     44.97%     40.60%     14.05%  
                     0123-4-56   62.50%     48.85%     38.07%     13.19%  
