                               Overall Accuracy:                                

                      Grouping  Overall    Average    F1 Score     MCC    
                   012-3-4-5-6   68.25%     27.69%     23.02%     8.98%   
                   01-23-4-5-6   58.73%     28.65%     27.09%     14.38%  
                   01-2-34-5-6   54.76%     28.58%     26.53%     13.86%  
                   01-2-3-45-6   53.97%     30.55%     27.51%     14.84%  
                   01-2-3-4-56   53.97%     32.69%     28.58%     16.16%  


                               Average Accuracy:                                

                      Grouping  Overall    Average    F1 Score     MCC    
                   01-2-3-4-56   53.97%     32.69%     28.58%     16.16%  
                   01-2-3-45-6   53.97%     30.55%     27.51%     14.84%  
                   01-23-4-5-6   58.73%     28.65%     27.09%     14.38%  
                   01-2-34-5-6   54.76%     28.58%     26.53%     13.86%  
                   012-3-4-5-6   68.25%     27.69%     23.02%     8.98%   


                               Average F1 Score:                                

                      Grouping  Overall    Average    F1 Score     MCC    
                   01-2-3-4-56   53.97%     32.69%     28.58%     16.16%  
                   01-2-3-45-6   53.97%     30.55%     27.51%     14.84%  
                   01-23-4-5-6   58.73%     28.65%     27.09%     14.38%  
                   01-2-34-5-6   54.76%     28.58%     26.53%     13.86%  
                   012-3-4-5-6   68.25%     27.69%     23.02%     8.98%   


                   Average Matthews Correlation Coefficient:                    

                      Grouping  Overall    Average    F1 Score     MCC    
                   01-2-3-4-56   53.97%     32.69%     28.58%     16.16%  
                   01-2-3-45-6   53.97%     30.55%     27.51%     14.84%  
                   01-23-4-5-6   58.73%     28.65%     27.09%     14.38%  
                   01-2-34-5-6   54.76%     28.58%     26.53%     13.86%  
                   012-3-4-5-6   68.25%     27.69%     23.02%     8.98%   
