                               Overall Accuracy:                                

                      Grouping  Overall    Average    F1 Score     MCC    
                   01-2-3-4-56   39.10%     32.09%     25.55%     11.64%  
                   0-12-3-4-56   34.57%     34.76%     26.06%     12.70%  
                   0-1-23-4-56   28.19%     34.95%     26.63%     12.78%  
                   0-1-2-3-456   26.60%     29.64%     24.27%     9.96%   
                   0-1-2-34-56   26.06%     31.23%     25.27%     10.99%  


                               Average Accuracy:                                

                      Grouping  Overall    Average    F1 Score     MCC    
                   0-1-23-4-56   28.19%     34.95%     26.63%     12.78%  
                   0-12-3-4-56   34.57%     34.76%     26.06%     12.70%  
                   01-2-3-4-56   39.10%     32.09%     25.55%     11.64%  
                   0-1-2-34-56   26.06%     31.23%     25.27%     10.99%  
                   0-1-2-3-456   26.60%     29.64%     24.27%     9.96%   


                               Average F1 Score:                                

                      Grouping  Overall    Average    F1 Score     MCC    
                   0-1-23-4-56   28.19%     34.95%     26.63%     12.78%  
                   0-12-3-4-56   34.57%     34.76%     26.06%     12.70%  
                   01-2-3-4-56   39.10%     32.09%     25.55%     11.64%  
                   0-1-2-34-56   26.06%     31.23%     25.27%     10.99%  
                   0-1-2-3-456   26.60%     29.64%     24.27%     9.96%   


                   Average Matthews Correlation Coefficient:                    

                      Grouping  Overall    Average    F1 Score     MCC    
                   0-1-23-4-56   28.19%     34.95%     26.63%     12.78%  
                   0-12-3-4-56   34.57%     34.76%     26.06%     12.70%  
                   01-2-3-4-56   39.10%     32.09%     25.55%     11.64%  
                   0-1-2-34-56   26.06%     31.23%     25.27%     10.99%  
                   0-1-2-3-456   26.60%     29.64%     24.27%     9.96%   
