                               Overall Accuracy:                                

                      Grouping  Overall    Average    F1 Score     MCC    
                      01245-36   88.10%     77.92%     64.12%     34.80%  
                      04-12356   69.84%     66.96%     64.20%     30.49%  
                      0346-125   61.11%     63.00%     59.24%     23.68%  


                               Average Accuracy:                                

                      Grouping  Overall    Average    F1 Score     MCC    
                      01245-36   88.10%     77.92%     64.12%     34.80%  
                      04-12356   69.84%     66.96%     64.20%     30.49%  
                      0346-125   61.11%     63.00%     59.24%     23.68%  


                               Average F1 Score:                                

                      Grouping  Overall    Average    F1 Score     MCC    
                      04-12356   69.84%     66.96%     64.20%     30.49%  
                      01245-36   88.10%     77.92%     64.12%     34.80%  
                      0346-125   61.11%     63.00%     59.24%     23.68%  


                   Average Matthews Correlation Coefficient:                    

                      Grouping  Overall    Average    F1 Score     MCC    
                      01245-36   88.10%     77.92%     64.12%     34.80%  
                      04-12356   69.84%     66.96%     64.20%     30.49%  
                      0346-125   61.11%     63.00%     59.24%     23.68%  
