                               Overall Accuracy:                                

                      Grouping  Overall    Average    F1 Score     MCC    
                    0123-4-5-6   60.90%     35.04%     28.37%     9.31%   
                    012-34-5-6   52.93%     31.66%     27.99%     9.40%   
                    012-3-4-56   52.93%     38.06%     29.49%     11.91%  
                    012-3-45-6   51.60%     28.42%     25.67%     6.62%   


                               Average Accuracy:                                

                      Grouping  Overall    Average    F1 Score     MCC    
                    012-3-4-56   52.93%     38.06%     29.49%     11.91%  
                    0123-4-5-6   60.90%     35.04%     28.37%     9.31%   
                    012-34-5-6   52.93%     31.66%     27.99%     9.40%   
                    012-3-45-6   51.60%     28.42%     25.67%     6.62%   


                               Average F1 Score:                                

                      Grouping  Overall    Average    F1 Score     MCC    
                    012-3-4-56   52.93%     38.06%     29.49%     11.91%  
                    0123-4-5-6   60.90%     35.04%     28.37%     9.31%   
                    012-34-5-6   52.93%     31.66%     27.99%     9.40%   
                    012-3-45-6   51.60%     28.42%     25.67%     6.62%   


                   Average Matthews Correlation Coefficient:                    

                      Grouping  Overall    Average    F1 Score     MCC    
                    012-3-4-56   52.93%     38.06%     29.49%     11.91%  
                    012-34-5-6   52.93%     31.66%     27.99%     9.40%   
                    0123-4-5-6   60.90%     35.04%     28.37%     9.31%   
                    012-3-45-6   51.60%     28.42%     25.67%     6.62%   
