                               Overall Accuracy:                                

                      Grouping  Overall    Average    F1 Score     MCC    
                   01-2-3-45-6   33.03%     27.08%     25.39%     9.09%   
                   0-12-3-45-6   32.14%     27.84%     24.46%     8.37%   
                   0-1-2-3-456   30.09%     28.39%     25.95%     9.84%   
                   0-1-23-45-6   27.91%     28.38%     25.92%     9.56%   
                   0-1-2-345-6   26.89%     27.47%     24.93%     8.79%   


                               Average Accuracy:                                

                      Grouping  Overall    Average    F1 Score     MCC    
                   0-1-2-3-456   30.09%     28.39%     25.95%     9.84%   
                   0-1-23-45-6   27.91%     28.38%     25.92%     9.56%   
                   0-12-3-45-6   32.14%     27.84%     24.46%     8.37%   
                   0-1-2-345-6   26.89%     27.47%     24.93%     8.79%   
                   01-2-3-45-6   33.03%     27.08%     25.39%     9.09%   


                               Average F1 Score:                                

                      Grouping  Overall    Average    F1 Score     MCC    
                   0-1-2-3-456   30.09%     28.39%     25.95%     9.84%   
                   0-1-23-45-6   27.91%     28.38%     25.92%     9.56%   
                   01-2-3-45-6   33.03%     27.08%     25.39%     9.09%   
                   0-1-2-345-6   26.89%     27.47%     24.93%     8.79%   
                   0-12-3-45-6   32.14%     27.84%     24.46%     8.37%   


                   Average Matthews Correlation Coefficient:                    

                      Grouping  Overall    Average    F1 Score     MCC    
                   0-1-2-3-456   30.09%     28.39%     25.95%     9.84%   
                   0-1-23-45-6   27.91%     28.38%     25.92%     9.56%   
                   01-2-3-45-6   33.03%     27.08%     25.39%     9.09%   
                   0-1-2-345-6   26.89%     27.47%     24.93%     8.79%   
                   0-12-3-45-6   32.14%     27.84%     24.46%     8.37%   
