                               Overall Accuracy:                                

                      Grouping  Overall    Average    F1 Score     MCC    
                      0-123456   79.13%     57.77%     54.98%     11.93%  
                      0123-456   61.97%     58.13%     56.45%     14.76%  
                      0456-123   54.42%     56.50%     54.06%     12.54%  


                               Average Accuracy:                                

                      Grouping  Overall    Average    F1 Score     MCC    
                      0123-456   61.97%     58.13%     56.45%     14.76%  
                      0-123456   79.13%     57.77%     54.98%     11.93%  
                      0456-123   54.42%     56.50%     54.06%     12.54%  


                               Average F1 Score:                                

                      Grouping  Overall    Average    F1 Score     MCC    
                      0123-456   61.97%     58.13%     56.45%     14.76%  
                      0-123456   79.13%     57.77%     54.98%     11.93%  
                      0456-123   54.42%     56.50%     54.06%     12.54%  


                   Average Matthews Correlation Coefficient:                    

                      Grouping  Overall    Average    F1 Score     MCC    
                      0123-456   61.97%     58.13%     56.45%     14.76%  
                      0456-123   54.42%     56.50%     54.06%     12.54%  
                      0-123456   79.13%     57.77%     54.98%     11.93%  
