                               Overall Accuracy:                                

                      Grouping  Overall    Average    F1 Score     MCC    
                      0123-4-5   93.75%     48.70%     54.47%     31.23%  
                      0125-3-4   81.25%     45.11%     52.06%     22.00%  
                      0124-3-5   77.50%     27.19%     29.11%     -6.89%  
                      012-34-5   76.25%     33.69%     32.70%     -0.04%  
                      012-35-4   76.25%     43.69%     51.00%     19.39%  
                      012-3-45   76.25%     38.14%     38.30%     5.42%   


                               Average Accuracy:                                

                      Grouping  Overall    Average    F1 Score     MCC    
                      0123-4-5   93.75%     48.70%     54.47%     31.23%  
                      0125-3-4   81.25%     45.11%     52.06%     22.00%  
                      012-35-4   76.25%     43.69%     51.00%     19.39%  
                      012-3-45   76.25%     38.14%     38.30%     5.42%   
                      012-34-5   76.25%     33.69%     32.70%     -0.04%  
                      0124-3-5   77.50%     27.19%     29.11%     -6.89%  


                               Average F1 Score:                                

                      Grouping  Overall    Average    F1 Score     MCC    
                      0123-4-5   93.75%     48.70%     54.47%     31.23%  
                      0125-3-4   81.25%     45.11%     52.06%     22.00%  
                      012-35-4   76.25%     43.69%     51.00%     19.39%  
                      012-3-45   76.25%     38.14%     38.30%     5.42%   
                      012-34-5   76.25%     33.69%     32.70%     -0.04%  
                      0124-3-5   77.50%     27.19%     29.11%     -6.89%  


                   Average Matthews Correlation Coefficient:                    

                      Grouping  Overall    Average    F1 Score     MCC    
                      0123-4-5   93.75%     48.70%     54.47%     31.23%  
                      0125-3-4   81.25%     45.11%     52.06%     22.00%  
                      012-35-4   76.25%     43.69%     51.00%     19.39%  
                      012-3-45   76.25%     38.14%     38.30%     5.42%   
                      012-34-5   76.25%     33.69%     32.70%     -0.04%  
                      0124-3-5   77.50%     27.19%     29.11%     -6.89%  
