                               Overall Accuracy:                                

                      Grouping  Overall    Average    F1 Score     MCC    
                     014-25-36   65.87%     61.11%     51.99%     32.11%  
                     04-125-36   59.52%     62.13%     50.92%     29.66%  
                     0245-1-36   54.76%     58.15%     48.46%     26.21%  
                     04-1-2356   51.59%     55.08%     51.66%     30.46%  
                     04-136-25   50.79%     51.28%     49.43%     24.98%  
                     0346-1-25   47.62%     49.40%     46.98%     23.89%  


                               Average Accuracy:                                

                      Grouping  Overall    Average    F1 Score     MCC    
                     04-125-36   59.52%     62.13%     50.92%     29.66%  
                     014-25-36   65.87%     61.11%     51.99%     32.11%  
                     0245-1-36   54.76%     58.15%     48.46%     26.21%  
                     04-1-2356   51.59%     55.08%     51.66%     30.46%  
                     04-136-25   50.79%     51.28%     49.43%     24.98%  
                     0346-1-25   47.62%     49.40%     46.98%     23.89%  


                               Average F1 Score:                                

                      Grouping  Overall    Average    F1 Score     MCC    
                     014-25-36   65.87%     61.11%     51.99%     32.11%  
                     04-1-2356   51.59%     55.08%     51.66%     30.46%  
                     04-125-36   59.52%     62.13%     50.92%     29.66%  
                     04-136-25   50.79%     51.28%     49.43%     24.98%  
                     0245-1-36   54.76%     58.15%     48.46%     26.21%  
                     0346-1-25   47.62%     49.40%     46.98%     23.89%  


                   Average Matthews Correlation Coefficient:                    

                      Grouping  Overall    Average    F1 Score     MCC    
                     014-25-36   65.87%     61.11%     51.99%     32.11%  
                     04-1-2356   51.59%     55.08%     51.66%     30.46%  
                     04-125-36   59.52%     62.13%     50.92%     29.66%  
                     0245-1-36   54.76%     58.15%     48.46%     26.21%  
                     04-136-25   50.79%     51.28%     49.43%     24.98%  
                     0346-1-25   47.62%     49.40%     46.98%     23.89%  
