                               Overall Accuracy:                                

                      Grouping  Overall    Average    F1 Score     MCC    
                   0-123-4-5-6   41.49%     32.81%     25.94%     12.06%  
                   01-23-4-5-6   41.22%     30.69%     25.72%     11.44%  
                   0-1-234-5-6   31.65%     27.42%     24.81%     9.40%   
                   0-1-23-4-56   28.19%     34.95%     26.63%     12.78%  
                   0-1-23-45-6   26.86%     27.24%     23.58%     8.56%   


                               Average Accuracy:                                

                      Grouping  Overall    Average    F1 Score     MCC    
                   0-1-23-4-56   28.19%     34.95%     26.63%     12.78%  
                   0-123-4-5-6   41.49%     32.81%     25.94%     12.06%  
                   01-23-4-5-6   41.22%     30.69%     25.72%     11.44%  
                   0-1-234-5-6   31.65%     27.42%     24.81%     9.40%   
                   0-1-23-45-6   26.86%     27.24%     23.58%     8.56%   


                               Average F1 Score:                                

                      Grouping  Overall    Average    F1 Score     MCC    
                   0-1-23-4-56   28.19%     34.95%     26.63%     12.78%  
                   0-123-4-5-6   41.49%     32.81%     25.94%     12.06%  
                   01-23-4-5-6   41.22%     30.69%     25.72%     11.44%  
                   0-1-234-5-6   31.65%     27.42%     24.81%     9.40%   
                   0-1-23-45-6   26.86%     27.24%     23.58%     8.56%   


                   Average Matthews Correlation Coefficient:                    

                      Grouping  Overall    Average    F1 Score     MCC    
                   0-1-23-4-56   28.19%     34.95%     26.63%     12.78%  
                   0-123-4-5-6   41.49%     32.81%     25.94%     12.06%  
                   01-23-4-5-6   41.22%     30.69%     25.72%     11.44%  
                   0-1-234-5-6   31.65%     27.42%     24.81%     9.40%   
                   0-1-23-45-6   26.86%     27.24%     23.58%     8.56%   
