                               Overall Accuracy:                                

                      Grouping  Overall    Average    F1 Score     MCC    
                      01456-23   64.28%     54.68%     54.77%     9.65%   
                      0123-456   61.97%     58.13%     56.45%     14.76%  
                      01-23456   61.08%     59.84%     59.69%     20.39%  


                               Average Accuracy:                                

                      Grouping  Overall    Average    F1 Score     MCC    
                      01-23456   61.08%     59.84%     59.69%     20.39%  
                      0123-456   61.97%     58.13%     56.45%     14.76%  
                      01456-23   64.28%     54.68%     54.77%     9.65%   


                               Average F1 Score:                                

                      Grouping  Overall    Average    F1 Score     MCC    
                      01-23456   61.08%     59.84%     59.69%     20.39%  
                      0123-456   61.97%     58.13%     56.45%     14.76%  
                      01456-23   64.28%     54.68%     54.77%     9.65%   


                   Average Matthews Correlation Coefficient:                    

                      Grouping  Overall    Average    F1 Score     MCC    
                      01-23456   61.08%     59.84%     59.69%     20.39%  
                      0123-456   61.97%     58.13%     56.45%     14.76%  
                      01456-23   64.28%     54.68%     54.77%     9.65%   
