                               Overall Accuracy:                                

                      Grouping  Overall    Average    F1 Score     MCC    
                   012-3-4-5-6   43.02%     25.58%     23.58%     7.10%   
                   01-23-4-5-6   35.08%     26.78%     25.62%     8.96%   
                   01-2-3-4-56   33.80%     26.31%     24.98%     8.42%   
                   01-2-3-45-6   33.03%     27.08%     25.39%     9.09%   
                   01-2-34-5-6   32.14%     26.04%     24.78%     8.21%   


                               Average Accuracy:                                

                      Grouping  Overall    Average    F1 Score     MCC    
                   01-2-3-45-6   33.03%     27.08%     25.39%     9.09%   
                   01-23-4-5-6   35.08%     26.78%     25.62%     8.96%   
                   01-2-3-4-56   33.80%     26.31%     24.98%     8.42%   
                   01-2-34-5-6   32.14%     26.04%     24.78%     8.21%   
                   012-3-4-5-6   43.02%     25.58%     23.58%     7.10%   


                               Average F1 Score:                                

                      Grouping  Overall    Average    F1 Score     MCC    
                   01-23-4-5-6   35.08%     26.78%     25.62%     8.96%   
                   01-2-3-45-6   33.03%     27.08%     25.39%     9.09%   
                   01-2-3-4-56   33.80%     26.31%     24.98%     8.42%   
                   01-2-34-5-6   32.14%     26.04%     24.78%     8.21%   
                   012-3-4-5-6   43.02%     25.58%     23.58%     7.10%   


                   Average Matthews Correlation Coefficient:                    

                      Grouping  Overall    Average    F1 Score     MCC    
                   01-2-3-45-6   33.03%     27.08%     25.39%     9.09%   
                   01-23-4-5-6   35.08%     26.78%     25.62%     8.96%   
                   01-2-3-4-56   33.80%     26.31%     24.98%     8.42%   
                   01-2-34-5-6   32.14%     26.04%     24.78%     8.21%   
                   012-3-4-5-6   43.02%     25.58%     23.58%     7.10%   
