                               Overall Accuracy:                                

                      Grouping  Overall    Average    F1 Score     MCC    
                      012345-6   96.86%     49.04%     49.20%     -1.57%  
                      01234-56   88.68%     54.08%     51.98%     5.49%   
                      0123-456   76.10%     55.45%     51.71%     7.37%   
                      0-123456   72.96%     64.21%     63.16%     26.70%  
                      01-23456   62.89%     66.51%     62.51%     31.50%  
                      012-3456   62.26%     61.29%     51.47%     15.28%  


                               Average Accuracy:                                

                      Grouping  Overall    Average    F1 Score     MCC    
                      01-23456   62.89%     66.51%     62.51%     31.50%  
                      0-123456   72.96%     64.21%     63.16%     26.70%  
                      012-3456   62.26%     61.29%     51.47%     15.28%  
                      0123-456   76.10%     55.45%     51.71%     7.37%   
                      01234-56   88.68%     54.08%     51.98%     5.49%   
                      012345-6   96.86%     49.04%     49.20%     -1.57%  


                               Average F1 Score:                                

                      Grouping  Overall    Average    F1 Score     MCC    
                      0-123456   72.96%     64.21%     63.16%     26.70%  
                      01-23456   62.89%     66.51%     62.51%     31.50%  
                      01234-56   88.68%     54.08%     51.98%     5.49%   
                      0123-456   76.10%     55.45%     51.71%     7.37%   
                      012-3456   62.26%     61.29%     51.47%     15.28%  
                      012345-6   96.86%     49.04%     49.20%     -1.57%  


                   Average Matthews Correlation Coefficient:                    

                      Grouping  Overall    Average    F1 Score     MCC    
                      01-23456   62.89%     66.51%     62.51%     31.50%  
                      0-123456   72.96%     64.21%     63.16%     26.70%  
                      012-3456   62.26%     61.29%     51.47%     15.28%  
                      0123-456   76.10%     55.45%     51.71%     7.37%   
                      01234-56   88.68%     54.08%     51.98%     5.49%   
                      012345-6   96.86%     49.04%     49.20%     -1.57%  
