                               Overall Accuracy:                                

                      Grouping  Overall    Average    F1 Score     MCC    
                   012-3-4-5-6   51.33%     29.17%     23.45%     9.06%   
                   01-23-4-5-6   41.22%     30.69%     25.72%     11.44%  
                   01-2-34-5-6   39.10%     26.97%     24.35%     9.64%   
                   01-2-3-4-56   39.10%     32.09%     25.55%     11.64%  
                   01-2-3-45-6   37.77%     24.37%     22.50%     7.42%   


                               Average Accuracy:                                

                      Grouping  Overall    Average    F1 Score     MCC    
                   01-2-3-4-56   39.10%     32.09%     25.55%     11.64%  
                   01-23-4-5-6   41.22%     30.69%     25.72%     11.44%  
                   012-3-4-5-6   51.33%     29.17%     23.45%     9.06%   
                   01-2-34-5-6   39.10%     26.97%     24.35%     9.64%   
                   01-2-3-45-6   37.77%     24.37%     22.50%     7.42%   


                               Average F1 Score:                                

                      Grouping  Overall    Average    F1 Score     MCC    
                   01-23-4-5-6   41.22%     30.69%     25.72%     11.44%  
                   01-2-3-4-56   39.10%     32.09%     25.55%     11.64%  
                   01-2-34-5-6   39.10%     26.97%     24.35%     9.64%   
                   012-3-4-5-6   51.33%     29.17%     23.45%     9.06%   
                   01-2-3-45-6   37.77%     24.37%     22.50%     7.42%   


                   Average Matthews Correlation Coefficient:                    

                      Grouping  Overall    Average    F1 Score     MCC    
                   01-2-3-4-56   39.10%     32.09%     25.55%     11.64%  
                   01-23-4-5-6   41.22%     30.69%     25.72%     11.44%  
                   01-2-34-5-6   39.10%     26.97%     24.35%     9.64%   
                   012-3-4-5-6   51.33%     29.17%     23.45%     9.06%   
                   01-2-3-45-6   37.77%     24.37%     22.50%     7.42%   
