                               Overall Accuracy:                                

                      Grouping  Overall    Average    F1 Score     MCC    
                       01235-4   98.75%     75.00%     83.01%     70.26%  
                       01234-5   95.00%     48.10%     48.72%     -2.22%  
                       0123-45   93.75%     64.72%     62.65%     25.66%  


                               Average Accuracy:                                

                      Grouping  Overall    Average    F1 Score     MCC    
                       01235-4   98.75%     75.00%     83.01%     70.26%  
                       0123-45   93.75%     64.72%     62.65%     25.66%  
                       01234-5   95.00%     48.10%     48.72%     -2.22%  


                               Average F1 Score:                                

                      Grouping  Overall    Average    F1 Score     MCC    
                       01235-4   98.75%     75.00%     83.01%     70.26%  
                       0123-45   93.75%     64.72%     62.65%     25.66%  
                       01234-5   95.00%     48.10%     48.72%     -2.22%  


                   Average Matthews Correlation Coefficient:                    

                      Grouping  Overall    Average    F1 Score     MCC    
                       01235-4   98.75%     75.00%     83.01%     70.26%  
                       0123-45   93.75%     64.72%     62.65%     25.66%  
                       01234-5   95.00%     48.10%     48.72%     -2.22%  
