                               Overall Accuracy:                                

                      Grouping  Overall    Average    F1 Score     MCC    
                     01236-4-5   77.73%     42.49%     37.19%     7.63%   
                     01234-5-6   77.33%     27.32%     29.20%     -4.24%  
                     01235-4-6   74.09%     40.95%     36.45%     7.98%   
                     0123-4-56   65.99%     43.34%     36.76%     7.08%   
                     0123-46-5   65.59%     35.19%     31.66%     1.42%   
                     0123-45-6   65.18%     32.20%     31.46%     0.52%   


                               Average Accuracy:                                

                      Grouping  Overall    Average    F1 Score     MCC    
                     0123-4-56   65.99%     43.34%     36.76%     7.08%   
                     01236-4-5   77.73%     42.49%     37.19%     7.63%   
                     01235-4-6   74.09%     40.95%     36.45%     7.98%   
                     0123-46-5   65.59%     35.19%     31.66%     1.42%   
                     0123-45-6   65.18%     32.20%     31.46%     0.52%   
                     01234-5-6   77.33%     27.32%     29.20%     -4.24%  


                               Average F1 Score:                                

                      Grouping  Overall    Average    F1 Score     MCC    
                     01236-4-5   77.73%     42.49%     37.19%     7.63%   
                     0123-4-56   65.99%     43.34%     36.76%     7.08%   
                     01235-4-6   74.09%     40.95%     36.45%     7.98%   
                     0123-46-5   65.59%     35.19%     31.66%     1.42%   
                     0123-45-6   65.18%     32.20%     31.46%     0.52%   
                     01234-5-6   77.33%     27.32%     29.20%     -4.24%  


                   Average Matthews Correlation Coefficient:                    

                      Grouping  Overall    Average    F1 Score     MCC    
                     01235-4-6   74.09%     40.95%     36.45%     7.98%   
                     01236-4-5   77.73%     42.49%     37.19%     7.63%   
                     0123-4-56   65.99%     43.34%     36.76%     7.08%   
                     0123-46-5   65.59%     35.19%     31.66%     1.42%   
                     0123-45-6   65.18%     32.20%     31.46%     0.52%   
                     01234-5-6   77.33%     27.32%     29.20%     -4.24%  
