                               Overall Accuracy:                                

                      Grouping  Overall    Average    F1 Score     MCC    
                     01256-3-4   72.87%     51.71%     41.88%     17.75%  
                     0-12356-4   63.56%     54.33%     46.46%     23.30%  
                     0-12456-3   59.11%     48.68%     42.48%     16.34%  
                     04-1256-3   52.63%     48.45%     41.05%     16.77%  
                     03-1256-4   51.42%     49.65%     41.21%     16.20%  
                     0-1256-34   51.42%     51.27%     43.13%     19.17%  


                               Average Accuracy:                                

                      Grouping  Overall    Average    F1 Score     MCC    
                     0-12356-4   63.56%     54.33%     46.46%     23.30%  
                     01256-3-4   72.87%     51.71%     41.88%     17.75%  
                     0-1256-34   51.42%     51.27%     43.13%     19.17%  
                     03-1256-4   51.42%     49.65%     41.21%     16.20%  
                     0-12456-3   59.11%     48.68%     42.48%     16.34%  
                     04-1256-3   52.63%     48.45%     41.05%     16.77%  


                               Average F1 Score:                                

                      Grouping  Overall    Average    F1 Score     MCC    
                     0-12356-4   63.56%     54.33%     46.46%     23.30%  
                     0-1256-34   51.42%     51.27%     43.13%     19.17%  
                     0-12456-3   59.11%     48.68%     42.48%     16.34%  
                     01256-3-4   72.87%     51.71%     41.88%     17.75%  
                     03-1256-4   51.42%     49.65%     41.21%     16.20%  
                     04-1256-3   52.63%     48.45%     41.05%     16.77%  


                   Average Matthews Correlation Coefficient:                    

                      Grouping  Overall    Average    F1 Score     MCC    
                     0-12356-4   63.56%     54.33%     46.46%     23.30%  
                     0-1256-34   51.42%     51.27%     43.13%     19.17%  
                     01256-3-4   72.87%     51.71%     41.88%     17.75%  
                     04-1256-3   52.63%     48.45%     41.05%     16.77%  
                     0-12456-3   59.11%     48.68%     42.48%     16.34%  
                     03-1256-4   51.42%     49.65%     41.21%     16.20%  
