                               Overall Accuracy:                                

                      Grouping  Overall    Average    F1 Score     MCC    
                     0-1-23456   59.34%     47.90%     42.55%     19.46%  
                     0-1234-56   50.72%     46.55%     41.11%     14.32%  
                     01-234-56   45.11%     45.31%     45.08%     18.11%  


                               Average Accuracy:                                

                      Grouping  Overall    Average    F1 Score     MCC    
                     0-1-23456   59.34%     47.90%     42.55%     19.46%  
                     0-1234-56   50.72%     46.55%     41.11%     14.32%  
                     01-234-56   45.11%     45.31%     45.08%     18.11%  


                               Average F1 Score:                                

                      Grouping  Overall    Average    F1 Score     MCC    
                     01-234-56   45.11%     45.31%     45.08%     18.11%  
                     0-1-23456   59.34%     47.90%     42.55%     19.46%  
                     0-1234-56   50.72%     46.55%     41.11%     14.32%  


                   Average Matthews Correlation Coefficient:                    

                      Grouping  Overall    Average    F1 Score     MCC    
                     0-1-23456   59.34%     47.90%     42.55%     19.46%  
                     01-234-56   45.11%     45.31%     45.08%     18.11%  
                     0-1234-56   50.72%     46.55%     41.11%     14.32%  
