                               Overall Accuracy:                                

                      Grouping  Overall    Average    F1 Score     MCC    
                     0-1-23456   51.73%     43.06%     40.66%     14.71%  
                     0-1456-23   48.27%     40.65%     38.90%     8.21%   
                     0-123-456   47.76%     43.57%     40.36%     13.08%  
                     01-23-456   43.66%     43.15%     42.40%     14.93%  
                     0456-1-23   40.97%     40.41%     38.94%     11.33%  
                     023-1-456   39.18%     40.03%     38.61%     9.87%   


                               Average Accuracy:                                

                      Grouping  Overall    Average    F1 Score     MCC    
                     0-123-456   47.76%     43.57%     40.36%     13.08%  
                     01-23-456   43.66%     43.15%     42.40%     14.93%  
                     0-1-23456   51.73%     43.06%     40.66%     14.71%  
                     0-1456-23   48.27%     40.65%     38.90%     8.21%   
                     0456-1-23   40.97%     40.41%     38.94%     11.33%  
                     023-1-456   39.18%     40.03%     38.61%     9.87%   


                               Average F1 Score:                                

                      Grouping  Overall    Average    F1 Score     MCC    
                     01-23-456   43.66%     43.15%     42.40%     14.93%  
                     0-1-23456   51.73%     43.06%     40.66%     14.71%  
                     0-123-456   47.76%     43.57%     40.36%     13.08%  
                     0456-1-23   40.97%     40.41%     38.94%     11.33%  
                     0-1456-23   48.27%     40.65%     38.90%     8.21%   
                     023-1-456   39.18%     40.03%     38.61%     9.87%   


                   Average Matthews Correlation Coefficient:                    

                      Grouping  Overall    Average    F1 Score     MCC    
                     01-23-456   43.66%     43.15%     42.40%     14.93%  
                     0-1-23456   51.73%     43.06%     40.66%     14.71%  
                     0-123-456   47.76%     43.57%     40.36%     13.08%  
                     0456-1-23   40.97%     40.41%     38.94%     11.33%  
                     023-1-456   39.18%     40.03%     38.61%     9.87%   
                     0-1456-23   48.27%     40.65%     38.90%     8.21%   
