                               Overall Accuracy:                                

                      Grouping  Overall    Average    F1 Score     MCC    
                     0-1-23456   51.73%     43.06%     40.66%     14.71%  
                     0-123-456   47.76%     43.57%     40.36%     13.08%  
                     01-23-456   43.66%     43.15%     42.40%     14.93%  


                               Average Accuracy:                                

                      Grouping  Overall    Average    F1 Score     MCC    
                     0-123-456   47.76%     43.57%     40.36%     13.08%  
                     01-23-456   43.66%     43.15%     42.40%     14.93%  
                     0-1-23456   51.73%     43.06%     40.66%     14.71%  


                               Average F1 Score:                                

                      Grouping  Overall    Average    F1 Score     MCC    
                     01-23-456   43.66%     43.15%     42.40%     14.93%  
                     0-1-23456   51.73%     43.06%     40.66%     14.71%  
                     0-123-456   47.76%     43.57%     40.36%     13.08%  


                   Average Matthews Correlation Coefficient:                    

                      Grouping  Overall    Average    F1 Score     MCC    
                     01-23-456   43.66%     43.15%     42.40%     14.93%  
                     0-1-23456   51.73%     43.06%     40.66%     14.71%  
                     0-123-456   47.76%     43.57%     40.36%     13.08%  
