character,AA,AE,AH,AO,AW,AY,EH,ER,EY,IH,IY,OW,OY,UH,UW
1H4_Falstaff,0.05305867665418227,0.09534956304619226,0.21223470661672908,0.04884519350811486,0.033551810237203494,0.08614232209737828,0.0686641697877653,0.04962546816479401,0.04088639200998752,0.1229712858926342,0.08380149812734082,0.0366729088639201,0.0024968789013732834,0.016697877652933832,0.04900124843945069
1H4_HenryIV,0.043832185347526614,0.06449592986850344,0.24358171571696932,0.04852849092047589,0.031934877896055106,0.056981840951784594,0.08328115216030056,0.06261740763932373,0.03318722604884158,0.13494051346274263,0.09549154664996869,0.03287413901064496,0.0031308703819661866,0.010958046336881654,0.05416405760801503
1H4_HenryV,0.05,0.08110687022900763,0.22557251908396947,0.052099236641221375,0.03816793893129771,0.07614503816793892,0.08091603053435115,0.05133587786259542,0.038740458015267175,0.1297709923664122,0.08301526717557252,0.03645038167938931,0.002480916030534351,0.012404580152671756,0.04179389312977099
1H4_Hotspur,0.051041865800038236,0.06346778818581533,0.22748996367807303,0.049703689543108394,0.02561651691837125,0.06977633339705601,0.07895239915886064,0.06442362836933664,0.0439686484419805,0.14222901930797172,0.0822022557828331,0.037086599120627034,0.0017205123303383673,0.01510227489963678,0.04721850506595297
1H6_Talbot,0.04560854834506125,0.06437320823560073,0.22361219702892884,0.052905916080271044,0.027886369559551732,0.08678655199374512,0.08105290591608028,0.06150638519676831,0.04769351055512119,0.13500130310138128,0.08391972895491269,0.02945009121709669,0.0028668230388324213,0.009642950221527235,0.04769351055512119
2H4_Falstaff,0.04478518293608623,0.08501594048884166,0.22271140124487626,0.04736602398664035,0.020039471686655534,0.06801275239107332,0.07393350538940337,0.058296644906634276,0.03856080157886747,0.14376802793380902,0.08228328525884318,0.040838014270532866,0.0027326552299984817,0.01730681645665705,0.05434947624108092
2H6_QueenMargaret,0.050683561187062354,0.05901967322440813,0.2260753584528176,0.061020340113371124,0.023674558186062022,0.07435811937312438,0.07635878626208736,0.04601533844614872,0.03867955985328443,0.1417139046348783,0.10003334444814939,0.034678226075358455,0.00266755585195065,0.016005335111703902,0.049016338779593195
2H6_York,0.04401312192454893,0.08091853471842538,0.2217058501913614,0.06478950246036086,0.018316019682886823,0.07654455986878075,0.08091853471842538,0.05467468562055768,0.04455986878075451,0.136960087479497,0.08064516129032258,0.028704209950792783,0.002733734281027884,0.011208310552214325,0.05330781848004374
3H6_EdwardIV,0.037553141237600375,0.06613131790269249,0.20595181861124232,0.06046291922531885,0.04416627302786963,0.0670760510155881,0.08526216343882853,0.0682569674067076,0.04723665564478035,0.13179026924893716,0.0930562116202173,0.032829475673122346,0.0025980160604629193,0.008502598016060462,0.04912612187057156
3H6_HenryVI,0.05038648726023476,0.05811623246492986,0.19954194102490697,0.05697108502719725,0.030346407099914114,0.08960778700257659,0.09447466361294017,0.06613226452905811,0.03635843114801031,0.12911537360435155,0.08903521328371028,0.034640709991411396,0.00429430289149728,0.014028056112224449,0.04695104494703693
3H6_RichardIII,0.04048054322277357,0.06659702272133716,0.20814834160355183,0.05980673805171063,0.030033951423348134,0.08226691042047532,0.07913293288064768,0.0668581875163228,0.04753199268738574,0.13476103421258814,0.08305040480543223,0.031078610603290677,0.0033951423348132673,0.01410289892922434,0.05275528858709846
3H6_Warwick,0.04095643939393939,0.06392045454545454,0.21614583333333334,0.0634469696969697,0.035274621212121215,0.06889204545454546,0.09090909090909091,0.06486742424242424,0.03953598484848485,0.13849431818181818,0.08333333333333333,0.030303030303030304,0.003077651515151515,0.0078125,0.05303030303030303
AWW_Helen,0.039889958734525444,0.07038055937643282,0.2088491517652453,0.049747822099954146,0.018569463548830812,0.08711600183402109,0.07932141219624025,0.062356717102246675,0.038743695552498854,0.15382851902796882,0.08023842274186153,0.04103622191655204,0.0016047684548372307,0.01192113709307657,0.05639614855570839
AWW_King,0.04537521815008726,0.06457242582897033,0.19866201279813844,0.04653868528214078,0.03606748109365911,0.07242582897033159,0.08057009889470622,0.07358929610238511,0.05002908667830134,0.14223385689354276,0.08347876672484002,0.031995346131471786,0.002326934264107039,0.015415939499709133,0.056719022687609075
AWW_Parolles,0.03859649122807018,0.06666666666666667,0.22159244264507422,0.04480431848852901,0.020242914979757085,0.07530364372469636,0.07773279352226721,0.0620782726045884,0.04156545209176788,0.15303643724696356,0.08556005398110661,0.03643724696356275,0.0024291497975708503,0.016194331983805668,0.05775978407557355
AYL_Rosalind,0.04935747663551402,0.078125,0.20487733644859812,0.04950350467289719,0.021466121495327103,0.07476635514018691,0.07257593457943926,0.05972546728971963,0.038697429906542055,0.13332359813084113,0.08688668224299065,0.036799065420560745,0.0010221962616822429,0.021904205607476634,0.0709696261682243
Ado_Benedick,0.04612996229762697,0.08183632734530938,0.2024839210467953,0.04834774894655134,0.01752051452650255,0.08959858061654469,0.06564648480816146,0.062319804834774895,0.04014193834553116,0.13617210024395654,0.09314703925482369,0.03992015968063872,0.0026613439787092482,0.01907296518074961,0.05500110889332446
Ado_Leonato,0.04034037188780334,0.07028049164828239,0.18468326504884966,0.05641348881184998,0.019539867633154743,0.08950520012606367,0.07469271982351088,0.0718562874251497,0.03939489442168295,0.13961550583044438,0.09076583674755752,0.04412228175228491,0.002206114087614245,0.011976047904191617,0.06460762685156003
Ant_Antony,0.052624173350218094,0.07260447446179823,0.19445616997326579,0.04995075277895033,0.030814689742507388,0.08512733924299985,0.07809202195018995,0.06303644294357676,0.04108625299000985,0.13057548895455184,0.09568031518221472,0.04024201491487266,0.002532714225411566,0.013648515548051217,0.049528633741381736
Ant_Cleopatra,0.04878484631879914,0.07433881343817011,0.20604002859185133,0.04199428162973552,0.026804860614724802,0.07791279485346676,0.0814867762687634,0.05486061472480343,0.04556826304503216,0.13366690493209435,0.10293066476054324,0.0452108649035025,0.0025017869907076485,0.015546819156540386,0.04235167977126519
Ant_Octavius,0.047206703910614524,0.07709497206703911,0.2259776536312849,0.044972067039106146,0.022067039106145252,0.05810055865921788,0.07206703910614524,0.05921787709497207,0.037430167597765365,0.13910614525139664,0.10167597765363129,0.03994413407821229,0.003072625698324022,0.012569832402234637,0.059497206703910614
Cor_Coriolanus,0.04792542016806723,0.07510504201680672,0.20969012605042017,0.04582457983193277,0.023240546218487396,0.08009453781512606,0.08258928571428571,0.06039915966386555,0.05028886554621849,0.11896008403361344,0.07917542016806722,0.04214810924369748,0.005120798319327731,0.01365546218487395,0.06578256302521009
Cor_Menenius,0.04489556900253758,0.07378489166504001,0.21784110872535623,0.04938512590279133,0.018739020105406987,0.05406988092914308,0.07905524106968573,0.05914503220769081,0.042357993363263714,0.13410111262931876,0.09193831739215304,0.04001561585008784,0.0015615850087839158,0.01815342572711302,0.07495608042162795
Cym_Belarius,0.0572987721691678,0.07025920873124147,0.206343792633015,0.05013642564802183,0.0286493860845839,0.06343792633015007,0.07401091405184175,0.062414733969986355,0.04604365620736699,0.1354024556616644,0.08867667121418826,0.04433833560709413,0.0068212824010914054,0.01398362892223738,0.05218281036834925
Cym_Iachimo,0.046134347275031684,0.07325728770595691,0.22839036755386566,0.051964512040557666,0.018250950570342206,0.07579214195183777,0.06869455006337136,0.06818757921419519,0.04106463878326996,0.1429657794676806,0.08491761723700887,0.034220532319391636,0.002788339670468948,0.014955640050697085,0.04841571609632446
Cym_Imogen,0.04692367601246106,0.08099688473520249,0.18672118380062305,0.0514018691588785,0.02336448598130841,0.08917445482866043,0.07165109034267912,0.061526479750778816,0.041082554517133954,0.1351246105919003,0.09423676012461059,0.040498442367601244,0.0019470404984423676,0.01849688473520249,0.05685358255451713
Cym_Posthumus,0.04565646594274432,0.07107601184600197,0.19866732477788746,0.05577492596248766,0.01678183613030602,0.0782329713721619,0.07601184600197433,0.06910167818361303,0.0481243830207305,0.1416584402764067,0.0755182625863771,0.046890424481737414,0.0024679170779861796,0.014313919052319843,0.05972359328726555
H5_Fluellen,0.03934095494283793,0.08036314727639543,0.24680564895763282,0.05581708137188971,0.013113651647612643,0.05951580363147276,0.06287827841291191,0.04236718224613315,0.04001344989912576,0.1644250168123739,0.07666442501681238,0.0265635507733692,0.0006724949562878278,0.020847343644922665,0.07061197041022192
H5_HenryV,0.048521756212552794,0.06816619192613692,0.22296434534917983,0.051959532462430014,0.03300265199882133,0.05814752971220902,0.08447107356841174,0.06276397210490128,0.04478931342697181,0.14635104606620175,0.0794617424614478,0.03830664964148905,0.002750220999901778,0.012670661035261762,0.0456733130340831
H8_HenryVIII,0.04896783485357657,0.06649063850216035,0.22083533365338454,0.04728756601056169,0.022803648583773404,0.0729716754680749,0.08305328852616418,0.06385021603456553,0.04224675948151704,0.13274123859817571,0.08161305808929428,0.02928468554968795,0.0028804608737397984,0.015122419587133942,0.06985117618819012
H8_Katherine,0.050837988826815644,0.06340782122905028,0.21396648044692737,0.06173184357541899,0.01759776536312849,0.07849162011173184,0.07513966480446928,0.051675977653631286,0.04162011173184357,0.13854748603351955,0.0835195530726257,0.04022346368715084,0.0022346368715083797,0.018715083798882683,0.062290502793296086
H8_Wolsey,0.038866599799398195,0.07021063189568706,0.23294884653961886,0.05541624874623872,0.020310932798395187,0.07196589769307923,0.0779839518555667,0.060431293881644935,0.04388164493480441,0.12487462387161484,0.08324974924774323,0.038365095285857576,0.0050150451354062184,0.020561685055165497,0.05591775325977934
Ham_Claudius,0.043591803937324224,0.07292085174768984,0.2247890719164323,0.051024507834471676,0.028525512253917237,0.04921655283246284,0.07452792286058658,0.0652872639614303,0.037967055042185616,0.15849738850944153,0.07934913619927682,0.03816793893129771,0.0032141422257934912,0.01245480112494978,0.060466050622740054
Ham_Hamlet,0.048074159241161256,0.07300948548433459,0.22916067835584938,0.04548720896809428,0.02170163840183961,0.06503305547571141,0.07653061224489796,0.05870939925265881,0.044696751940212706,0.14271342339752802,0.07825524576027594,0.04275653923541248,0.0027306697326818052,0.014515665421098016,0.05662546708824375
Ham_Polonius,0.043748060812907226,0.06856965560037233,0.21408625504188644,0.05367669872789327,0.015513496742165685,0.08004964318957493,0.07508532423208192,0.05150480918399007,0.03723239218119764,0.14365497983245423,0.09494260006205399,0.03754266211604096,0.000930809804529941,0.012721067328575862,0.07074154514427552
JC_Antony,0.05230868582499193,0.06683887633193412,0.2108492089118502,0.04294478527607362,0.022602518566354538,0.05812076202776881,0.07910881498224087,0.06425573135292219,0.03584113658379077,0.13303196641911527,0.10041976105908944,0.045527930255085565,0.002583144979011947,0.01517597675169519,0.07039070067807555
JC_Brutus,0.05462705044877747,0.07273290003095018,0.20721138966264316,0.0436397400185701,0.026152893840916125,0.07226864747756112,0.08696997833488085,0.06128133704735376,0.03265242958836274,0.1259671928195605,0.09764778706282884,0.04271123491179202,0.002785515320334262,0.015784586815227482,0.057567316620241414
JC_Cassius,0.04840508587999108,0.07026544724514834,0.2081195627927727,0.04282846308275708,0.02319875083649342,0.06691947356680794,0.08409547178228864,0.06870399286192282,0.03635958063796565,0.13896944010707116,0.08610305598929288,0.0455052420254294,0.0017845192951148785,0.015168414008476466,0.06357349988846754
Jn_Bastard,0.049512987012987016,0.078125,0.22483766233766234,0.0505275974025974,0.03185876623376623,0.07284902597402597,0.07528409090909091,0.06574675324675325,0.041599025974025976,0.12844967532467533,0.08177759740259741,0.03226461038961039,0.0034496753246753245,0.012378246753246754,0.05133928571428571
Jn_KingJohn,0.041440552540700545,0.06586087814504193,0.23162308830784412,0.05180069067587568,0.038727183029107055,0.06980759743463247,0.07745436605821411,0.05796743956586088,0.04070054267390232,0.13961519486926494,0.0863344844597928,0.03330044400592008,0.003206709422792304,0.010360138135175136,0.05180069067587568
LLL_Berowne,0.04633345494345129,0.06348048157606713,0.2108719445457862,0.05508938343670193,0.01933600875592849,0.07935060197008391,0.0749726377234586,0.05636628967530098,0.05235315578256111,0.13717621306092667,0.09047792776358993,0.041225829989055086,0.0027362276541408243,0.013133892739875957,0.05709595038307187
Lr_Edgar,0.056446821152703504,0.0689245395127748,0.21449792038027332,0.048425430778371956,0.025846702317290554,0.08051099227569816,0.0766488413547237,0.06001188354129531,0.04070112893642305,0.13428401663695783,0.07902554961378491,0.04337492572786691,0.0020796197266785502,0.01990493166963755,0.04931669637551991
Lr_Gloucester,0.04025074232926427,0.06664467172550313,0.20389310458594523,0.04552952820851204,0.02342461233916199,0.07522269877928077,0.0884196634774002,0.06334543055097328,0.044539755856153086,0.15044539755856154,0.0814912570108875,0.038931045859452326,0.003299241174529858,0.017156054107555264,0.057406796436819535
Lr_Kent,0.044861597200127265,0.07031498568246898,0.20489977728285078,0.05854279350938594,0.021953547566019728,0.07286032453070315,0.07222398981864461,0.06776964683423481,0.04740693604836144,0.13617562838052816,0.06999681832643971,0.04836143811644925,0.002545338848234171,0.013999363665287942,0.06808781419026408
Lr_Lear,0.054242424242424245,0.06424242424242424,0.19166666666666668,0.052121212121212124,0.03681818181818182,0.08045454545454546,0.07515151515151515,0.07696969696969697,0.047424242424242424,0.11848484848484848,0.08636363636363636,0.04242424242424243,0.0036363636363636364,0.013030303030303031,0.05696969696969697
MM_Duke,0.038503716339710004,0.07079322529547948,0.2139636895333252,0.05690264408431826,0.019861094187888388,0.05860850493481175,0.07737297429024004,0.06445717070793225,0.03728524430364323,0.14694772754965274,0.08163762641647374,0.04508346533447057,0.0012184720360667724,0.013525039600341172,0.0738394053856464
MM_Isabella,0.040722761596548,0.07901833872707659,0.21467098166127294,0.04773462783171521,0.018338727076591153,0.07470334412081985,0.0784789644012945,0.06499460625674218,0.03425026968716289,0.14347357065803668,0.08522114347357065,0.043689320388349516,0.001348435814455232,0.017529665587918016,0.055825242718446605
MV_Bassanio,0.042334830019243104,0.058691468890314305,0.21488133418858243,0.04457985888389993,0.01699807568954458,0.08691468890314304,0.07953816549069917,0.05452212957023733,0.0391276459268762,0.14271969211032715,0.09012187299550994,0.04425914047466325,0.001603592046183451,0.014111610006414367,0.06959589480436178
MV_Portia,0.04031232976212094,0.069003086980207,0.21645178863264936,0.054839295442164517,0.020882513165062646,0.07227165425821681,0.08825131650626475,0.05102596695115308,0.03831487198111495,0.14454330851643363,0.08988560014526965,0.032867259851098604,0.0019974577810059923,0.014526965680043582,0.06482658434719447
MV_Shylock,0.05627198124267292,0.07297772567409144,0.2198124267291911,0.04835873388042204,0.022274325908558032,0.08704572098475967,0.07502930832356389,0.04835873388042204,0.03927315357561548,0.12866354044548653,0.08675263774912075,0.03839390386869871,0.0008792497069167644,0.013774912075029308,0.06213364595545135
Mac_Macbeth,0.04121231558691469,0.06847338037203335,0.2304361770365619,0.04393842206542656,0.030949326491340603,0.07841565105837076,0.07793457344451571,0.056125721616420786,0.046023091725465044,0.1375881975625401,0.08242463117382938,0.03704297626683772,0.0036882617062219372,0.016196279666452856,0.049550994227068636
Oth_Desdemona,0.04383813611281422,0.06897608828939301,0.18669527896995708,0.0668301655426119,0.019313304721030045,0.10300429184549356,0.07050889025137952,0.04751686082158185,0.03525444512568976,0.13733905579399142,0.08982219497240956,0.045064377682403435,0.001226241569589209,0.01655426118945432,0.06805640711220111
Oth_Iago,0.04522362785137962,0.0702261181392569,0.2104791313875884,0.04721585815320251,0.02171531028986951,0.07391174419762925,0.08078493873891822,0.05628050602649666,0.03884849088554637,0.14453630839725073,0.08646279509911346,0.03924693694591095,0.0018926187867317461,0.01822890726167945,0.06494670783942624
Oth_Othello,0.05388017691998392,0.06808738774963141,0.21900549524192467,0.042889693070633964,0.025063664388151722,0.08577938614126793,0.07840772014475271,0.05803511593620158,0.03927087521779922,0.12639056426752446,0.09167671893848009,0.04342581423401689,0.0024125452352231603,0.014609301702184694,0.051065540812223566
Per_Pericles,0.04478993151952619,0.06607440310938367,0.20414584490098095,0.05441421432537479,0.02609661299278179,0.09143068665556173,0.08772903942254304,0.06422357949287433,0.04053303720155469,0.12937257079400333,0.08717379233759023,0.03053858967240422,0.0024060707014621507,0.01110494169905608,0.059966685174902834
R2_HenryIV,0.04040404040404041,0.06967106967106967,0.2318052318052318,0.05672105672105672,0.021756021756021756,0.08521108521108521,0.072002072002072,0.0619010619010619,0.04144004144004144,0.13416213416213416,0.0821030821030821,0.034447034447034446,0.006475006475006475,0.011914011914011913,0.04998704998704999
R2_RichardII,0.04546714721375104,0.06653728860548933,0.2181868588855004,0.04782367618519545,0.03770446354311062,0.07554754643748267,0.08400332686443028,0.05863598558358747,0.05101192126420848,0.13931244801774328,0.08150817854172443,0.037843082894372056,0.0027723870252287217,0.009148877183254783,0.044496811754920984
R3_Buckingham,0.04661365505895256,0.047162051000822595,0.2253907321085824,0.07485604606525911,0.0200164518782561,0.06251713737318344,0.07540444200712915,0.060049355634768306,0.04771044694269262,0.15409925966547847,0.0781464217164793,0.03482314230874692,0.004387167534960241,0.012613106663010694,0.05621058404167809
R3_RichardIII,0.04736255572065379,0.06807206537890044,0.21331723625557206,0.054420505200594355,0.023402674591381872,0.08320950965824665,0.08478826151560179,0.06407875185735512,0.042533432392273404,0.13400817236255572,0.08534546805349183,0.03064635958395245,0.0033432392273402673,0.012537147102526004,0.052934621099554234
Rom_FriarLawrence,0.03887033100516247,0.058912845429699365,0.2131794716064379,0.04615851806863043,0.02976009717582751,0.08472517461281506,0.08928029152748254,0.05678712420285454,0.04342544791982994,0.13361676283024598,0.08897661706650471,0.05132098390525357,0.0018220467658669906,0.013361676283024598,0.04980261160036441
Rom_Juliet,0.04742845707424455,0.07204322593556134,0.19311586952171303,0.044826896137682606,0.03221933159895938,0.09205523313988392,0.07844706824094456,0.044026415849509705,0.044026415849509705,0.13227936762057235,0.09345607364418651,0.05603362017210326,0.004602761656994196,0.015409245547328396,0.05003001801080648
Rom_Romeo,0.04206363472946252,0.06938702139133561,0.19000539277368325,0.0413445982383606,0.030738809994607225,0.09131763436994428,0.09077835700161783,0.05860147402480676,0.03954700701060579,0.145425130325364,0.09617113068488226,0.04278267122056444,0.003954700701060579,0.010965306489304332,0.046917131044400505
Shr_Petruchio,0.04788627010849233,0.06659184436962215,0.20650953984287318,0.04826038159371493,0.026000748222970445,0.0817433595211373,0.07388701833146277,0.06378600823045268,0.05574261129816686,0.1219603441825664,0.09670781893004116,0.035166479610924055,0.0009352787130564908,0.01328095772540217,0.061541339319117094
TGV_Proteus,0.03571428571428571,0.07118226600985221,0.19950738916256158,0.054187192118226604,0.02142857142857143,0.0960591133004926,0.08078817733990148,0.06748768472906404,0.038669950738916256,0.13866995073891625,0.08596059113300493,0.032758620689655175,0.0024630541871921183,0.011083743842364532,0.06403940886699508
TGV_Valentine,0.03664921465968586,0.07242582897033159,0.2024432809773124,0.052065154159395,0.02385107620709715,0.0866783013379872,0.08027923211169284,0.0651541593949971,0.04275741710296684,0.13176265270506107,0.09453170447934846,0.034904013961605584,0.004072134962187318,0.015125072716695753,0.057300756253635836
TNK_Arcite,0.046010879419764276,0.06686310063463281,0.21645512239347234,0.04261106074342702,0.024478694469628286,0.07660924750679964,0.0800090661831369,0.0743427017225748,0.04102447869446963,0.11763372620126926,0.09791477787851315,0.0385312783318223,0.0022665457842248413,0.012239347234814143,0.06300997280145058
TNK_Daughter,0.04384816753926701,0.06479057591623037,0.20647905759162305,0.05366492146596859,0.025523560209424083,0.08049738219895287,0.09260471204188482,0.05006544502617801,0.03959424083769633,0.12958115183246074,0.09587696335078534,0.03893979057591623,0.0032722513089005235,0.021596858638743454,0.05366492146596859
TNK_Emilia,0.041158536585365856,0.07256097560975609,0.22560975609756098,0.046646341463414634,0.022865853658536585,0.07804878048780488,0.08109756097560976,0.07134146341463414,0.03689024390243902,0.13414634146341464,0.07652439024390244,0.043292682926829265,0.004878048780487805,0.017378048780487806,0.0475609756097561
TNK_Palamon,0.044355644355644354,0.07492507492507493,0.2101898101898102,0.04915084915084915,0.032167832167832165,0.08031968031968031,0.07192807192807193,0.06913086913086913,0.03896103896103896,0.12187812187812187,0.0899100899100899,0.04115884115884116,0.002197802197802198,0.016783216783216783,0.056943056943056944
TN_TobyBelch,0.03756313131313131,0.07544191919191919,0.22285353535353536,0.04482323232323232,0.030934343434343436,0.07386363636363637,0.07765151515151515,0.059027777777777776,0.04071969696969697,0.1404671717171717,0.09311868686868686,0.041351010101010104,0.0015782828282828283,0.01167929292929293,0.04892676767676768
TN_Viola,0.040776699029126215,0.07799352750809062,0.21326860841423947,0.045954692556634306,0.01779935275080906,0.09967637540453074,0.06181229773462783,0.06601941747572816,0.04563106796116505,0.12135922330097088,0.08867313915857605,0.039158576051779935,0.0012944983818770227,0.015533980582524271,0.06504854368932039
Tim_Timon,0.047625400213447175,0.06870330843116329,0.2147812166488794,0.04909284951974386,0.03215048025613661,0.07550693703308431,0.09191568836712914,0.056963713980789754,0.04442369263607257,0.1217982924226254,0.08431163287086446,0.03735325506937033,0.0013340448239060833,0.01507470651013874,0.05896478121664888
Tit_Aaron,0.04516325907842539,0.0732377174244736,0.22459566676838572,0.056454073848031736,0.024412572474824534,0.07720476045163259,0.09093683246872139,0.055538602380225816,0.03844980164784864,0.1281660054928288,0.07110161733292646,0.039060115959719255,0.0033567287152883735,0.014037229173024107,0.058285016783643576
Tit_Titus,0.048102778607708396,0.06812070510905288,0.2106363907977293,0.049297878697340904,0.02718852703913953,0.07947415596056169,0.08485210636390798,0.06319091723931879,0.03899014042426053,0.12832387212429042,0.09262025694651928,0.03899014042426053,0.004631012847325963,0.011353450851508814,0.05422766656707499
Tmp_Prospero,0.05283347863993025,0.06817785527462947,0.21743679163034002,0.04777680906713165,0.035047951176983436,0.08456843940714909,0.07637314734088928,0.05614646904969486,0.042720139494333044,0.13583260680034873,0.08160418482999128,0.03679163034001744,0.0026155187445510027,0.00993897122929381,0.05213600697471665
Tro_Pandarus,0.05295774647887324,0.06929577464788732,0.18845070422535212,0.05126760563380282,0.020845070422535212,0.061971830985915494,0.08788732394366197,0.05661971830985915,0.049577464788732394,0.11915492957746479,0.1047887323943662,0.04056338028169014,0.0014084507042253522,0.01915492957746479,0.07605633802816901
Tro_Troilus,0.04540609678107013,0.07013429972287359,0.21509273076103178,0.04881688339373268,0.026220422084843317,0.07610317629503305,0.075037305478576,0.06246002984438286,0.04391387763803027,0.1342997228735877,0.09486250266467704,0.0351737369430825,0.0038371349392453636,0.00916648902153059,0.059475591558303134
Tro_Ulysses,0.04338983050847458,0.07728813559322034,0.23163841807909605,0.05175141242937853,0.02305084745762712,0.05220338983050848,0.08067796610169492,0.06689265536723164,0.04926553672316384,0.1511864406779661,0.0831638418079096,0.03412429378531073,0.0038418079096045198,0.0103954802259887,0.04112994350282486
WT_Leontes,0.0472307169554876,0.07492354740061162,0.19758749575263337,0.047910295616717634,0.029561671763506627,0.07832144070676181,0.07101597009853891,0.06201155283724091,0.03907577302072715,0.1455997281685355,0.09276248725790011,0.04094461433910975,0.0045871559633027525,0.01580020387359837,0.052667346245327894
Wiv_Falstaff,0.03827641531056612,0.08457483382993353,0.21796928718771488,0.04767361906944763,0.02269080907632363,0.09053403621361449,0.06921842768737108,0.061425624570249825,0.03758881503552602,0.12445564978225991,0.08319963327985332,0.042172816869126745,0.0025212010084804033,0.02475360990144396,0.05294522117808847
Wiv_MasterFord,0.04697986577181208,0.08277404921700224,0.19622882710131032,0.03771172898689677,0.017897091722595078,0.08533077660594439,0.08245445829338446,0.06807286673058485,0.04985618408437201,0.1268775966762544,0.08149568552253116,0.035794183445190156,0.002556727388942154,0.018855864493448386,0.06711409395973154
Wiv_MistressPage,0.04205758654157231,0.07570365577483015,0.21837593011970236,0.04723390488515044,0.021028793270786154,0.07052733743125202,0.07570365577483015,0.06923325784535748,0.03817534778388871,0.13781947589776772,0.09349725008087997,0.033646069233257844,0.002264639275315432,0.01649951472015529,0.058233581365253966
