                               Overall Accuracy:                                

                      Grouping  Overall    Average    F1 Score     MCC    
                   012-3-4-5-6   52.09%     20.15%     20.59%     4.11%   
                   01-23-4-5-6   41.25%     22.67%     23.51%     7.07%   
                   01-2-3-45-6   38.02%     26.99%     25.70%     9.46%   
                   01-2-3-4-56   36.88%     22.23%     22.30%     5.57%   
                   01-2-34-5-6   36.12%     21.61%     22.15%     5.13%   


                               Average Accuracy:                                

                      Grouping  Overall    Average    F1 Score     MCC    
                   01-2-3-45-6   38.02%     26.99%     25.70%     9.46%   
                   01-23-4-5-6   41.25%     22.67%     23.51%     7.07%   
                   01-2-3-4-56   36.88%     22.23%     22.30%     5.57%   
                   01-2-34-5-6   36.12%     21.61%     22.15%     5.13%   
                   012-3-4-5-6   52.09%     20.15%     20.59%     4.11%   


                               Average F1 Score:                                

                      Grouping  Overall    Average    F1 Score     MCC    
                   01-2-3-45-6   38.02%     26.99%     25.70%     9.46%   
                   01-23-4-5-6   41.25%     22.67%     23.51%     7.07%   
                   01-2-3-4-56   36.88%     22.23%     22.30%     5.57%   
                   01-2-34-5-6   36.12%     21.61%     22.15%     5.13%   
                   012-3-4-5-6   52.09%     20.15%     20.59%     4.11%   


                   Average Matthews Correlation Coefficient:                    

                      Grouping  Overall    Average    F1 Score     MCC    
                   01-2-3-45-6   38.02%     26.99%     25.70%     9.46%   
                   01-23-4-5-6   41.25%     22.67%     23.51%     7.07%   
                   01-2-3-4-56   36.88%     22.23%     22.30%     5.57%   
                   01-2-34-5-6   36.12%     21.61%     22.15%     5.13%   
                   012-3-4-5-6   52.09%     20.15%     20.59%     4.11%   
