                               Overall Accuracy:                                

                      Grouping  Overall    Average    F1 Score     MCC    
                     0123-4-56   76.10%     46.55%     39.70%     11.10%  
                     0-1234-56   64.15%     45.47%     43.39%     18.32%  
                     0-123-456   56.60%     47.17%     44.11%     20.83%  


                               Average Accuracy:                                

                      Grouping  Overall    Average    F1 Score     MCC    
                     0-123-456   56.60%     47.17%     44.11%     20.83%  
                     0123-4-56   76.10%     46.55%     39.70%     11.10%  
                     0-1234-56   64.15%     45.47%     43.39%     18.32%  


                               Average F1 Score:                                

                      Grouping  Overall    Average    F1 Score     MCC    
                     0-123-456   56.60%     47.17%     44.11%     20.83%  
                     0-1234-56   64.15%     45.47%     43.39%     18.32%  
                     0123-4-56   76.10%     46.55%     39.70%     11.10%  


                   Average Matthews Correlation Coefficient:                    

                      Grouping  Overall    Average    F1 Score     MCC    
                     0-123-456   56.60%     47.17%     44.11%     20.83%  
                     0-1234-56   64.15%     45.47%     43.39%     18.32%  
                     0123-4-56   76.10%     46.55%     39.70%     11.10%  
