                               Overall Accuracy:                                

                      Grouping  Overall    Average    F1 Score     MCC    
                     0-12356-4   65.41%     54.41%     48.46%     27.34%  
                     01-2356-4   59.12%     56.10%     48.59%     28.71%  
                     02356-1-4   52.20%     48.06%     41.24%     17.00%  
                     04-1-2356   49.69%     54.20%     49.17%     29.30%  
                     0-14-2356   48.43%     51.28%     48.04%     24.19%  
                     0-1-23456   48.43%     50.69%     46.54%     25.69%  


                               Average Accuracy:                                

                      Grouping  Overall    Average    F1 Score     MCC    
                     01-2356-4   59.12%     56.10%     48.59%     28.71%  
                     0-12356-4   65.41%     54.41%     48.46%     27.34%  
                     04-1-2356   49.69%     54.20%     49.17%     29.30%  
                     0-14-2356   48.43%     51.28%     48.04%     24.19%  
                     0-1-23456   48.43%     50.69%     46.54%     25.69%  
                     02356-1-4   52.20%     48.06%     41.24%     17.00%  


                               Average F1 Score:                                

                      Grouping  Overall    Average    F1 Score     MCC    
                     04-1-2356   49.69%     54.20%     49.17%     29.30%  
                     01-2356-4   59.12%     56.10%     48.59%     28.71%  
                     0-12356-4   65.41%     54.41%     48.46%     27.34%  
                     0-14-2356   48.43%     51.28%     48.04%     24.19%  
                     0-1-23456   48.43%     50.69%     46.54%     25.69%  
                     02356-1-4   52.20%     48.06%     41.24%     17.00%  


                   Average Matthews Correlation Coefficient:                    

                      Grouping  Overall    Average    F1 Score     MCC    
                     04-1-2356   49.69%     54.20%     49.17%     29.30%  
                     01-2356-4   59.12%     56.10%     48.59%     28.71%  
                     0-12356-4   65.41%     54.41%     48.46%     27.34%  
                     0-1-23456   48.43%     50.69%     46.54%     25.69%  
                     0-14-2356   48.43%     51.28%     48.04%     24.19%  
                     02356-1-4   52.20%     48.06%     41.24%     17.00%  
