                               Overall Accuracy:                                

                      Grouping  Overall    Average    F1 Score     MCC    
                     0-12356-4   65.45%     44.83%     36.79%     9.53%   
                     0-1-23456   59.34%     47.90%     42.55%     19.46%  
                     02356-1-4   57.69%     40.52%     39.00%     10.94%  
                     01-2356-4   55.68%     45.05%     43.06%     18.02%  
                     0-14-2356   51.65%     46.91%     41.32%     15.95%  
                     04-1-2356   48.71%     42.76%     39.70%     14.93%  


                               Average Accuracy:                                

                      Grouping  Overall    Average    F1 Score     MCC    
                     0-1-23456   59.34%     47.90%     42.55%     19.46%  
                     0-14-2356   51.65%     46.91%     41.32%     15.95%  
                     01-2356-4   55.68%     45.05%     43.06%     18.02%  
                     0-12356-4   65.45%     44.83%     36.79%     9.53%   
                     04-1-2356   48.71%     42.76%     39.70%     14.93%  
                     02356-1-4   57.69%     40.52%     39.00%     10.94%  


                               Average F1 Score:                                

                      Grouping  Overall    Average    F1 Score     MCC    
                     01-2356-4   55.68%     45.05%     43.06%     18.02%  
                     0-1-23456   59.34%     47.90%     42.55%     19.46%  
                     0-14-2356   51.65%     46.91%     41.32%     15.95%  
                     04-1-2356   48.71%     42.76%     39.70%     14.93%  
                     02356-1-4   57.69%     40.52%     39.00%     10.94%  
                     0-12356-4   65.45%     44.83%     36.79%     9.53%   


                   Average Matthews Correlation Coefficient:                    

                      Grouping  Overall    Average    F1 Score     MCC    
                     0-1-23456   59.34%     47.90%     42.55%     19.46%  
                     01-2356-4   55.68%     45.05%     43.06%     18.02%  
                     0-14-2356   51.65%     46.91%     41.32%     15.95%  
                     04-1-2356   48.71%     42.76%     39.70%     14.93%  
                     02356-1-4   57.69%     40.52%     39.00%     10.94%  
                     0-12356-4   65.45%     44.83%     36.79%     9.53%   
