                               Overall Accuracy:                                

                      Grouping  Overall    Average    F1 Score     MCC    
                     01234-5-6   64.53%     37.96%     37.03%     6.64%   
                     0123-4-56   56.34%     38.45%     36.89%     8.60%   
                     0123-45-6   55.57%     39.74%     37.57%     9.71%   


                               Average Accuracy:                                

                      Grouping  Overall    Average    F1 Score     MCC    
                     0123-45-6   55.57%     39.74%     37.57%     9.71%   
                     0123-4-56   56.34%     38.45%     36.89%     8.60%   
                     01234-5-6   64.53%     37.96%     37.03%     6.64%   


                               Average F1 Score:                                

                      Grouping  Overall    Average    F1 Score     MCC    
                     0123-45-6   55.57%     39.74%     37.57%     9.71%   
                     01234-5-6   64.53%     37.96%     37.03%     6.64%   
                     0123-4-56   56.34%     38.45%     36.89%     8.60%   


                   Average Matthews Correlation Coefficient:                    

                      Grouping  Overall    Average    F1 Score     MCC    
                     0123-45-6   55.57%     39.74%     37.57%     9.71%   
                     0123-4-56   56.34%     38.45%     36.89%     8.60%   
                     01234-5-6   64.53%     37.96%     37.03%     6.64%   
