                               Overall Accuracy:                                

                      Grouping  Overall    Average    F1 Score     MCC    
                     01235-4-6   74.52%     34.73%     35.33%     6.73%   
                     01234-5-6   74.14%     34.71%     35.02%     3.56%   
                     01236-4-5   72.24%     26.61%     28.37%     -3.65%  
                     0123-46-5   66.35%     36.85%     35.82%     8.72%   
                     0123-45-6   66.16%     40.70%     38.84%     11.89%  
                     0123-4-56   65.02%     32.77%     33.17%     5.40%   


                               Average Accuracy:                                

                      Grouping  Overall    Average    F1 Score     MCC    
                     0123-45-6   66.16%     40.70%     38.84%     11.89%  
                     0123-46-5   66.35%     36.85%     35.82%     8.72%   
                     01235-4-6   74.52%     34.73%     35.33%     6.73%   
                     01234-5-6   74.14%     34.71%     35.02%     3.56%   
                     0123-4-56   65.02%     32.77%     33.17%     5.40%   
                     01236-4-5   72.24%     26.61%     28.37%     -3.65%  


                               Average F1 Score:                                

                      Grouping  Overall    Average    F1 Score     MCC    
                     0123-45-6   66.16%     40.70%     38.84%     11.89%  
                     0123-46-5   66.35%     36.85%     35.82%     8.72%   
                     01235-4-6   74.52%     34.73%     35.33%     6.73%   
                     01234-5-6   74.14%     34.71%     35.02%     3.56%   
                     0123-4-56   65.02%     32.77%     33.17%     5.40%   
                     01236-4-5   72.24%     26.61%     28.37%     -3.65%  


                   Average Matthews Correlation Coefficient:                    

                      Grouping  Overall    Average    F1 Score     MCC    
                     0123-45-6   66.16%     40.70%     38.84%     11.89%  
                     0123-46-5   66.35%     36.85%     35.82%     8.72%   
                     01235-4-6   74.52%     34.73%     35.33%     6.73%   
                     0123-4-56   65.02%     32.77%     33.17%     5.40%   
                     01234-5-6   74.14%     34.71%     35.02%     3.56%   
                     01236-4-5   72.24%     26.61%     28.37%     -3.65%  
