                               Overall Accuracy:                                

                      Grouping  Overall    Average    F1 Score     MCC    
                    0123-4-5-6   77.78%     26.80%     25.07%     2.16%   
                    012-34-5-6   69.05%     29.47%     26.20%     8.32%   
                    012-3-45-6   68.25%     31.93%     27.43%     9.54%   
                    012-3-4-56   68.25%     34.61%     28.77%     11.19%  


                               Average Accuracy:                                

                      Grouping  Overall    Average    F1 Score     MCC    
                    012-3-4-56   68.25%     34.61%     28.77%     11.19%  
                    012-3-45-6   68.25%     31.93%     27.43%     9.54%   
                    012-34-5-6   69.05%     29.47%     26.20%     8.32%   
                    0123-4-5-6   77.78%     26.80%     25.07%     2.16%   


                               Average F1 Score:                                

                      Grouping  Overall    Average    F1 Score     MCC    
                    012-3-4-56   68.25%     34.61%     28.77%     11.19%  
                    012-3-45-6   68.25%     31.93%     27.43%     9.54%   
                    012-34-5-6   69.05%     29.47%     26.20%     8.32%   
                    0123-4-5-6   77.78%     26.80%     25.07%     2.16%   


                   Average Matthews Correlation Coefficient:                    

                      Grouping  Overall    Average    F1 Score     MCC    
                    012-3-4-56   68.25%     34.61%     28.77%     11.19%  
                    012-3-45-6   68.25%     31.93%     27.43%     9.54%   
                    012-34-5-6   69.05%     29.47%     26.20%     8.32%   
                    0123-4-5-6   77.78%     26.80%     25.07%     2.16%   
