                               Overall Accuracy:                                

                      Grouping  Overall    Average    F1 Score     MCC    
                      012345-6   87.45%     57.03%     56.35%     12.85%  
                      01234-56   75.48%     53.16%     52.21%     5.31%   
                      0-123456   73.00%     59.45%     55.83%     14.70%  
                      0123-456   70.15%     61.38%     57.75%     18.59%  
                      012-3456   63.31%     61.97%     57.87%     20.49%  
                      01-23456   60.08%     61.29%     60.04%     22.78%  


                               Average Accuracy:                                

                      Grouping  Overall    Average    F1 Score     MCC    
                      012-3456   63.31%     61.97%     57.87%     20.49%  
                      0123-456   70.15%     61.38%     57.75%     18.59%  
                      01-23456   60.08%     61.29%     60.04%     22.78%  
                      0-123456   73.00%     59.45%     55.83%     14.70%  
                      012345-6   87.45%     57.03%     56.35%     12.85%  
                      01234-56   75.48%     53.16%     52.21%     5.31%   


                               Average F1 Score:                                

                      Grouping  Overall    Average    F1 Score     MCC    
                      01-23456   60.08%     61.29%     60.04%     22.78%  
                      012-3456   63.31%     61.97%     57.87%     20.49%  
                      0123-456   70.15%     61.38%     57.75%     18.59%  
                      012345-6   87.45%     57.03%     56.35%     12.85%  
                      0-123456   73.00%     59.45%     55.83%     14.70%  
                      01234-56   75.48%     53.16%     52.21%     5.31%   


                   Average Matthews Correlation Coefficient:                    

                      Grouping  Overall    Average    F1 Score     MCC    
                      01-23456   60.08%     61.29%     60.04%     22.78%  
                      012-3456   63.31%     61.97%     57.87%     20.49%  
                      0123-456   70.15%     61.38%     57.75%     18.59%  
                      0-123456   73.00%     59.45%     55.83%     14.70%  
                      012345-6   87.45%     57.03%     56.35%     12.85%  
                      01234-56   75.48%     53.16%     52.21%     5.31%   
